state_0,state_1,state_2
0.9979445154077436,0.0008943586071747944,0.0011611259850816162
0.9958932558323962,0.001785440472334976,0.0023213036952688987
0.9938462125895007,0.0026732546441616822,0.0034805327663377
0.9918033770124506,0.0035578101490172376,0.004638812838532239
0.9897647404524536,0.004439115990994891,0.005796143556551617
0.9877302942784949,0.0053171811519712175,0.006952524569533939
0.9857000298773005,0.0061920145916591895,0.008107955531040326
0.9836739386533011,0.007063625247657246,0.009262436099041708
0.9816520120285951,0.007932022035502362,0.010415965935902608
0.9796342414429128,0.00879721384872112,0.011568544708366161
0.9776206183535802,0.009659209558880555,0.012720172087539342
0.9756111342354822,0.010518018015638564,0.013870847748879315
0.9736057805810273,0.01137364804679697,0.015020571372175776
0.9716045489001113,0.012226108458349927,0.016169342641538857
0.9696074307200808,0.01307540803453544,0.017317161245383798
0.9676144175856984,0.01392155553788732,0.0184640268764143
0.9656255010591058,0.014764559709283809,0.01960993923161042
0.963640672719789,0.015604429267997766,0.020754898012213256
0.9616599241645418,0.0164411729117504,0.021898902923707834
0.9596832470074312,0.01727479931675613,0.02304195367581269
0.9577106328797608,0.018105317137777188,0.0241840499824621
0.9557420734300364,0.018932735008170276,0.025325191561793418
0.9537775603239297,0.019757061539938947,0.026465378136131427
0.951817085244244,0.020578305323781576,0.027604609431974462
0.949860639890878,0.021396474929142206,0.028742885179979864
0.9479082159807916,0.022211578904257623,0.02988020511495088
0.9459598052479697,0.02302362577621042,0.031016568975819895
0.9440153994433886,0.023832624050975415,0.03215197650563601
0.94207499033498,0.02463858221346915,0.03328642745155092
0.9401385697075963,0.025441508727600093,0.03441992156480362
0.9382061293629764,0.026241412036316802,0.035552458600706834
0.9362776611197103,0.027038300561656792,0.036684038318632935
0.9343531568132049,0.02783218270479515,0.03781466048200006
0.9324326082956492,0.028623066846092282,0.03894432485825856
0.9305160074359801,0.029410961345145648,0.04007303121887435
0.9286033461198475,0.030195874540833945,0.0412007793393186
0.9266946162495804,0.030977814751367516,0.04232756899905216
0.9247898097441524,0.03175679027433698,0.04345339998151072
0.9228889185391476,0.032532809386760064,0.044578272074092436
0.9209919345867262,0.033305880345129824,0.045702185068144004
0.9190988498555908,0.034076011385463234,0.04682513875894607
0.917209656330952,0.03484321072334806,0.04794713294570003
0.915324346014495,0.03560748655399104,0.04906816743151405
0.9134429109243449,0.036368847052265174,0.05018824202338996
0.9115653430950341,0.037127300372756133,0.05130735653220981
0.9096916345774674,0.037882854649812,0.05242551077272068
0.9078217774388888,0.03863551799758813,0.05354270456352312
0.9059557637628484,0.039385298510095534,0.05465893772705616
0.904093585649168,0.04013220426124664,0.05577421008958545
0.9022352352139082,0.04087624330490436,0.056888521481187455
0.9003807045893353,0.04161742367492649,0.05800187173573829
0.8985299859238869,0.0423557533852128,0.05911426069090037
0.89668307138214,0.04309124042975343,0.06022568818810665
0.8948399531447768,0.04382389278267396,0.06133615407254928
0.8930006234085524,0.04455371839828026,0.06244565819316745
0.8911650743862607,0.04528072521110871,0.06355420040263066
0.8893332983067027,0.04600492113596788,0.06466178055732946
0.8875052874146527,0.04672631406798766,0.06576839851735966
0.8856810339708258,0.047444911882664975,0.06687405414650932
0.8838605302518451,0.048160722435906855,0.06797874731224812
0.8820437685502088,0.04887375356407997,0.06908247788571126
0.880230741174258,0.04958401308405391,0.07018524574168811
0.878421440448144,0.05029150879324629,0.0712870507586098
0.8766158587117951,0.050996248469670435,0.07238789281853447
0.8748139883208854,0.051698239871979634,0.073487771807135
0.8730158216468015,0.05239749073951039,0.0745866876136882
0.8712213510766104,0.053094008792330616,0.07568464013105908
0.8694305690130276,0.05378780173128339,0.07678162925568904
0.8676434678743846,0.05447887723803069,0.07787765488758475
0.8658600400945969,0.05516724297510067,0.07897271693030244
0.8640802781231319,0.05585290658593012,0.08006681529093801
0.8623041744249772,0.05653587569490992,0.08115994988011294
0.8605317214806083,0.057216157907429954,0.0822521206119618
0.858762911785957,0.05789376080992348,0.0833433274041196
0.8569977378523798,0.058568691969910214,0.08443357017771008
0.8552361922066256,0.05924095893604231,0.08552284885733213
0.8534782673908049,0.05991056923814697,0.08661116337104818
0.8517239559623574,0.06057753038727154,0.08769851365037112
0.8499732504940211,0.06124184987572745,0.08878489963025155
0.8482261435738006,0.06190353517713221,0.0898703212490673
0.8464826278049354,0.06256259374645556,0.09095477844860905
0.8447426958058697,0.06321903302006149,0.09203827117406888
0.8430063402102197,0.0638728604157528,0.09312079937402756
0.8412735536667431,0.06452408333281401,0.09420236300044299
0.8395443288393083,0.06517270915205375,0.095282962008638
0.8378186584068629,0.06581874523584963,0.09636259635728756
0.8360965350634026,0.0664621989281915,0.09744126600840591
0.8343779515179408,0.06710307755472189,0.09851897092733736
0.8326629004944772,0.06774138842278155,0.0995957110827414
0.8309513747319673,0.06837713882145158,0.10067148644658125
0.8292433669842915,0.06901033602159656,0.10174629699411214
0.8275388700202244,0.06964098727590562,0.10282014270387013
0.8258378766234046,0.07026909981893592,0.10389302355765967
0.8241403795923035,0.070894680867156,0.1049649395405407
0.8224463717401952,0.07151773761898772,0.10603589064081725
0.820755845895126,0.07213827725484734,0.10710587685002687
0.8190687948998842,0.07275630693718815,0.10817489816292786
0.8173852116119694,0.07337183381054402,0.10924295457748673
0.8157050889035629,0.07398486500156976,0.11031004609486755
0.8140284196614964,0.07459540761908356,0.11137617271942019
0.8123551967872233,0.07520346875410877,0.11244133445866805
0.8106854131967878,0.07580905547991512,0.11350553132329727
0.8090190618207947,0.07641217485206142,0.114568763327144
0.8073561356043804,0.07701283390843638,0.11563103048718343
0.805696627507182,0.07761103966929905,0.11669233282351915
0.804040530503308,0.07820679913732254,0.1177526703593696
0.8023878375813088,0.07880011929763353,0.11881204312105781
0.8007385417441465,0.07939100711785252,0.11987045113800116
0.7990926360091655,0.07997946954813795,0.12092789444269675
0.7974501134080632,0.0805655135212231,0.12198437307071391
0.7958109669868597,0.08114914595246181,0.12303988706067864
0.7941751898058695,0.08173037373986469,0.12409443645426593
0.7925427749396713,0.08230920376414153,0.12514802129618735
0.7909137154770787,0.082885642888743,0.1262006416341785
0.7892880045211113,0.08345969795990005,0.12725229751898887
0.7876656351889653,0.08403137580666398,0.12830298900437093
0.7860466006119845,0.08460068324094694,0.12935271614706872
0.7844308939356311,0.08516762705756342,0.1304014790068056
0.7828185083194564,0.08573221403426867,0.13144927764627506
0.7812094369370727,0.08629445093179933,0.13249611213112816
0.7796036729761232,0.08685434449391405,0.1335419825299629
0.7780012096382544,0.08741190144743172,0.13458688891431408
0.7764020401390861,0.0879671285022734,0.13563083135864068
0.7748061577081837,0.08852003235150074,0.1366738099403157
0.7732135555890292,0.08907061967135532,0.1377158247396157
0.7716242270389921,0.08961889712129834,0.1387568758397097
0.7700381653293017,0.09016487134405038,0.1397969633266481
0.768455363745018,0.09070854896563074,0.14083608728935143
0.7668758155850033,0.09124993659539715,0.14187424781959973
0.7652995141618942,0.09178904082608286,0.14291144501202308
0.7637264528020732,0.0923258682338377,0.14394767896408928
0.7621566248456398,0.09286042537826722,0.1449829497760931
0.7605900236463835,0.09339271880246924,0.14601725755114742
0.7590266425717545,0.09392275503307568,0.14705060239517004
0.757466475002836,0.09445054058028868,0.14808298441687545
0.755909514334317,0.09497608193792084,0.14911440372776236
0.7543557539744628,0.0954993855834334,0.150144860442104
0.7528051873450883,0.09602045797797398,0.1511743546769379
0.7512578078815298,0.09653930556641521,0.1522028865520551
0.749713609032617,0.09705593477739471,0.15323045618998826
0.7481725842606455,0.09757035202334974,0.15425706371600473
0.746634727041349,0.09808256370055934,0.15528270925809157
0.745100030863872,0.09859257618917838,0.15630739294694956
0.7435684892307416,0.09910039585327923,0.15733111491597912
0.7420400956578405,0.09960602904088689,0.1583538753012726
0.7405148436743793,0.1001094820840176,0.1593756742416031
0.7389927268228694,0.10061076129871682,0.1603965118784137
0.7374737386590954,0.101109872985097,0.16141638835580757
0.7359578727520879,0.1016068234273737,0.16243530382053833
0.7344451226840962,0.10210161889390412,0.1634532584219996
0.7329354820505612,0.10259426563722562,0.16447025231221307
0.7314289444600882,0.10308476989408999,0.16548628564582174
0.7299255035344202,0.10357313788550293,0.1665013585800768
0.7284251529084103,0.10405937581676006,0.16751547127482963
0.7269278862299949,0.10454348987748463,0.16852862389252038
0.7254336971601677,0.10502548624166397,0.16954081659816828
0.7239425793729514,0.10550537106768654,0.17055204955936204
0.7224545265553719,0.10598315049837814,0.1715623229462499
0.7209695324074314,0.106458830661039,0.1725716369315295
0.7194875906420817,0.10693241766748085,0.17357999169043742
0.7180086949851971,0.10740391761406243,0.17458738740074037
0.716532839175549,0.10787333658172615,0.1755938242427248
0.7150600169647778,0.10834068063603586,0.17659930239918625
0.7135902221173682,0.10880595582720987,0.17760382205542186
0.7121234484106211,0.10926916819016075,0.17860738339921806
0.7106596896346286,0.10973032374452929,0.1796099866208421
0.7091989395922469,0.11018942849472046,0.1806116319130326
0.7077411920990705,0.11064648842994051,0.18161231947098894
0.7062864409834057,0.11110150952423203,0.18261204949236226
0.7048346800862446,0.11155449773650972,0.18361082217724561
0.7033859032612394,0.11200545901059566,0.18460863772816488
0.7019401043746756,0.11245439927525624,0.18560549635006812
0.7004972773054465,0.11290132444423673,0.18660139825031669
0.6990574159450277,0.11334624041629571,0.18759634363867655
0.6976205141974501,0.11378915307524351,0.18859033272730635
0.6961865659792752,0.11423006828997373,0.18958336573075102
0.6947555652195689,0.11466899191450075,0.19057544286593026
0.6933275058598757,0.1151059297879955,0.19156656435212877
0.6919023818541932,0.11554088773481697,0.1925567304109898
0.6904801871689463,0.11597387156455174,0.19354594126650188
0.6890609157829622,0.11640488707204533,0.19453419714499237
0.6876445616874444,0.11683394003743874,0.19552149827511683
0.6862311188859469,0.11726103622620276,0.19650784488785028
0.68482058139435,0.1176861813891723,0.19749323721647766
0.6834129432408338,0.1181093812625813,0.19847767549658485
0.6820081984658536,0.11853064156809734,0.19946115996604902
0.6806063411221145,0.11894996801285607,0.2004436908650294
0.6792073652745461,0.11936736628949407,0.20142526843595981
0.6778112650002771,0.11978284207618617,0.20240589292353667
0.6764180343886113,0.12019640103667628,0.2033855645747124
0.6750276675410011,0.12060804882031384,0.20436428363868503
0.6736401585710238,0.12101779106208665,0.20534205036688952
0.6722555016043559,0.12142563338265489,0.20631886501298918
0.6708736907787485,0.12183158138838657,0.2072947278328649
0.6694947202440026,0.12223564067138781,0.20826963908460955
0.668118584161944,0.12263781680954056,0.20924359902851536
0.666745276706399,0.12303811536653364,0.21021660792706726
0.6653747920631693,0.12343654189189746,0.2111886660449332
0.6640071244300076,0.12383310192103658,0.21215977364895572
0.6626422680165933,0.12422780097526376,0.21312993100814287
0.6612802170445073,0.1246206445618343,0.2140991383936583
0.6599209657472084,0.12501163817397654,0.21506739607881503
0.658564508370008,0.12540078729092707,0.21603470433906485
0.6572108391700465,0.1257880973779648,0.2170010634519886
0.6558599524162686,0.12617357388644046,0.21796647369729089
0.654511842389399,0.12655722225381338,0.2189309353567876
0.6531665033819183,0.12693904790368205,0.21989444871439962
0.6518239296980387,0.12731905624581819,0.22085701405614305
0.6504841156536804,0.1276972526761977,0.2218186316701219
0.6491470555764467,0.12807364257703524,0.222779301846518
0.6478127438056007,0.1284482313168167,0.22373902487758252
0.6464811746920409,0.12882102425032982,0.2246978010576292
0.6451523425982776,0.12919202671869878,0.22565563068302358
0.6438262418984088,0.12956124404941494,0.22661251405217625
0.6425028669780962,0.1299286815563705,0.22756845146553323
0.6411822122345422,0.13029434453989008,0.22852344322556767
0.6398642720764652,0.13065823828676226,0.22947748963677245
0.6385490409240767,0.13102036807027284,0.2304305910056504
0.6372365132090572,0.13138073915023574,0.23138274764070704
0.6359266833745327,0.13173935677302584,0.23233395985244137
0.6346195458750516,0.1320962261716101,0.2332842279533382
0.6333150951765607,0.13245135256557994,0.2342335522578593
0.6320133257563819,0.13280474116118235,0.23518193308243568
0.6307142321031889,0.13315639715135208,0.23612937074545898
0.6294178087169839,0.1335063257157425,0.2370758655672735
0.6281240501090745,0.13385453202075825,0.23802141787016723
0.6268329508020496,0.13420102121958566,0.2389660279783647
0.6255445053297574,0.13454579845222403,0.23990969621801855
0.6242587082372814,0.13488886884551787,0.24085242291720071
0.6229755540809178,0.13523023751318686,0.24179420840589533
0.621695037428152,0.13556990955585824,0.2427350530159897
0.6204171528576362,0.13590789006109705,0.24367495708126669
0.6191418949591657,0.1362441841034372,0.24461392093739703
0.6178692583336567,0.1365787967444123,0.24555194492193094
0.6165992375931231,0.13691173303258775,0.24648902937428913
0.6153318273606533,0.13724299800358963,0.24742517463575703
0.6140670222703886,0.13757259668013622,0.24836038104947517
0.6128048169674989,0.1379005340720696,0.24929464896043146
0.6115452061081618,0.1382268151763839,0.25022797871545427
0.6102881843595381,0.13855144497725957,0.25116037066320224
0.6090337463997509,0.13887442844608922,0.2520918251541598
0.6077818869178622,0.13919577054151078,0.253022342540627
0.60653260061385,0.1395154762094386,0.2539519231767114
0.6052858821985869,0.13983355038309098,0.25488056741832205
0.6040417263938175,0.14014999798302208,0.2558082756231604
0.602800127932135,0.1404648239171522,0.25673504815071274
0.6015610815569603,0.14077803308079662,0.257660885362243
0.6003245820225189,0.1410896303566962,0.2585857876207848
0.5990906240938187,0.14139962061504785,0.25950975529113335
0.5978592025466286,0.14170800871353317,0.26043278873983816
0.5966303121674553,0.14201479949734863,0.261354888335196
0.595403947753522,0.1423199977992362,0.2622760544472417
0.594180104112746,0.1426236084395116,0.2631962874477423
0.592958776063717,0.14292563622609444,0.26411558771018845
0.5917399584356748,0.143226085954538,0.2650339556097871
0.5905236460684878,0.14352496240805834,0.26595139152345376
0.589309833812631,0.14382227035756312,0.2668678958298058
0.588098516529164,0.1441180145616816,0.26778346890915433
0.5868896890897094,0.14441219976679442,0.2686981111434961
0.5856833463764314,0.14470483070706064,0.2696118229165079
0.5844794832820135,0.1449959121044493,0.27052460461353717
0.5832780947096373,0.14528544866876691,0.2714364566215957
0.582079175572961,0.14557344509768644,0.27234737932935255
0.5808827207960974,0.1458599060767769,0.27325737312712567
0.5796887253135931,0.14614483627953212,0.27416643840687477
0.5784971840704062,0.14642824036739865,0.2750745755621951
0.5773080920218857,0.14671012298980513,0.2759817849883091
0.5761214441337499,0.14699048878419063,0.27688806708205943
0.5749372353820644,0.14726934237603406,0.27779342224190146
0.573755460753222,0.1475466883788814,0.2786978508678965
0.5725761152439208,0.14782253139437418,0.27960135336170494
0.571399193861143,0.14809687601227917,0.28050393012657776
0.5702246916221336,0.14836972681051597,0.28140558156735035
0.5690526035543803,0.14864108835518386,0.28230630809043583
0.5678829246955908,0.1489109652005931,0.2832061101038161
0.5667156500936735,0.14917936188928915,0.28410498801703726
0.5655507748067155,0.1494462829520844,0.2850029422412001
0.5643882939029615,0.14971173290808348,0.28589997318895494
0.5632282024607941,0.14997571626471262,0.28679608127449324
0.5620704955687116,0.15023823751774668,0.2876912669135417
0.5609151683253082,0.15049930115133758,0.2885855305233542
0.5597622158392527,0.15075891163804123,0.28947887252270604
0.5586116332292678,0.15101707343884696,0.2903712933318852
0.5574634156241098,0.1512737910032027,0.2912627933726874
0.5563175581625478,0.15152906876904404,0.2921533730684081
0.555174055993343,0.15178291116282083,0.2930430328438361
0.5540329042752282,0.15203532259952612,0.2939317731252456
0.5528940981768874,0.15228630748272098,0.29481959434039157
0.5517576328769354,0.15253587020456538,0.2957064969184992
0.550623503563897,0.15278401514584172,0.2965924812902612
0.5494917054361871,0.15303074667598393,0.29747754788782893
0.5483622337020904,0.15327606915310388,0.2983616971448057
0.5472350835797404,0.15351998692401958,0.29924492949624
0.5461102502971,0.15376250432428118,0.30012724537861873
0.544987729091941,0.15400362567819736,0.30100864522986154
0.5438675152118237,0.15424335529886268,0.3018891294893135
0.5427496039140771,0.15448169748818597,0.30276869859773686
0.5416339904657784,0.1547186565369143,0.3036473529973072
0.5405206701437337,0.1549542367246619,0.3045250931316043
0.5394096382344572,0.155188442319935,0.30540191944560774
0.5383008900341516,0.15542127758015978,0.30627783238568856
0.5371944208486885,0.1556527467517077,0.3071528323996037
0.5360902259935879,0.15588285406992353,0.3080269199364885
0.5349883007939988,0.15611160375914968,0.30890009544685143
0.5338886405846794,0.15633900003275425,0.30977235938256625
0.5327912407099769,0.1565650470931561,0.310643712196867
0.5316960965238083,0.15678974913185195,0.31151415434433966
0.5306032033896408,0.1570131103294412,0.3123836862809179
0.5295125566804715,0.1572351348556542,0.31325230846387425
0.5284241517788084,0.15745582686937576,0.31412002135181577
0.5273379840766509,0.1576751905186724,0.31498682540467665
0.5262540489754698,0.15789322994081867,0.3158527210837115
0.5251723418861882,0.1581099492623217,0.31671770885149003
0.524092858229162,0.15832535259894787,0.3175817891718901
0.5230155934341603,0.15853944405574882,0.31844496251009086
0.5219405429403465,0.15875222772708586,0.31930722933256755
0.5208677021962588,0.15896370769665658,0.3201685901070846
0.5197970666597903,0.15917388803752042,0.3210290453026892
0.5187286317981711,0.1593827728121231,0.32188859538970577
0.5176623930879477,0.15959036607232346,0.3227472408397288
0.5165983460149648,0.15979667185941748,0.32360498212561767
0.5155364860743459,0.1600016942041651,0.32446181972148896
0.5144768087704741,0.1602054371268138,0.3253177541027121
0.5134193096169731,0.16040790463712518,0.32617278574590164
0.5123639841366885,0.1606091007343986,0.32702691512891285
0.5113108278616684,0.16080902940749842,0.32788014273083316
0.5102598363331449,0.1610076946348764,0.32873246903197867
0.5092110051015148,0.16120510038459912,0.329583894513886
0.5081643297263213,0.1614012506143705,0.33043441965930814
0.5071198057762345,0.16159614927155963,0.3312840449522058
0.5060774288290334,0.16178980029322254,0.332132770877744
0.5050371944715867,0.16198220760612836,0.3329805979222849
0.5039990982998339,0.1621733751267842,0.3338275265733818
0.5029631359187675,0.16236330676145938,0.33467355731977305
0.5019293029424134,0.16255200640620981,0.3355186906513767
0.5008975949938134,0.1627394779469029,0.33636292705928367
0.4998680077050053,0.16292572525924154,0.3372062670357531
0.49884053671700573,0.16311075220878923,0.33804871107420503
0.497815177679791,0.16329456265099362,0.3388902596692153
0.4967919262522788,0.1634771604312114,0.3397309133165098
0.49577077810230985,0.163658549384732,0.3405706725129582
0.4947517289066296,0.1638387333368022,0.3414095377565682
0.4937347743508698,0.16401771610265026,0.3422475095464799
0.49271991012953037,0.1641955014875095,0.34308458838296013
0.49170713194596116,0.16437209328664215,0.34392077476739663
0.4906964355123437,0.1645474952853646,0.3447560692022917
0.4896878165496729,0.16472171125907054,0.34559047219125655
0.4886812707877394,0.16489474497325385,0.34642398423900683
0.48767679396511093,0.1650666001835338,0.34725660585135526
0.48667438182911466,0.165237280635678,0.34808833753520735
0.485674030135819,0.16540679006562686,0.3489191797985542
0.48467573465001573,0.1655751321995157,0.34974913315046857
0.4836794911452021,0.16574231075370027,0.35057819810109764
0.48268529540356264,0.16590832943477873,0.3514063751616587
0.4816931432159519,0.16607319193961545,0.3522336648444326
0.48070303038187595,0.16623690195536522,0.3530600676627588
0.47971495270947506,0.1663994631594954,0.3538855841310295
0.4787289060155057,0.16656087921981066,0.3547102147646836
0.4777448861253231,0.1667211537944745,0.3555339600802024
0.4767628888728632,0.16688029053203368,0.35635682059510304
0.4757829101006254,0.16703829307144147,0.35717879682793313
0.47480494565965464,0.16719516504207965,0.3579998892982657
0.4738289914095241,0.16735091006378233,0.35882009852669355
0.47285504321831745,0.16750553174685934,0.3596394250348232
0.47188309696261144,0.167659033692118,0.36045786934527063
0.4709131485274586,0.16781141949088663,0.36127543198165485
0.46994519380636945,0.16796269272503772,0.36209211346859277
0.4689792287012955,0.16811285696701028,0.36290791433169417
0.46801524912261167,0.1682619157798323,0.36372283509755604
0.46705325098909906,0.16840987271714403,0.3645368762937569
0.4660932302279277,0.1685567313232199,0.36535003844885233
0.4651351827746392,0.1687024951329924,0.3661623220923684
0.46417910457312955,0.16884716767207275,0.3669737277547977
0.46322499157563213,0.16899075245677464,0.3677842559675932
0.46227283974270034,0.1691332529941364,0.36859390726316327
0.4613226450431906,0.1692746727819433,0.3694026821748661
0.46037440345424535,0.16941501530874958,0.37021058123700507
0.4594281109612759,0.16955428405390083,0.3710176049848232
0.45848376355794557,0.16969248248755664,0.3718237539544978
0.45754135724615247,0.16982961407071262,0.3726290286831349
0.45660088803601295,0.16996568225522157,0.37343342970876553
0.4556623519458443,0.17010069048381704,0.37423695757033865
0.4547257450021483,0.17023464219013407,0.37503961280771764
0.45379106323959406,0.17036754079873173,0.37584139596167415
0.4528583027010014,0.1704993897251149,0.3766423075738837
0.4519274594373241,0.1706301923757566,0.3774423481869193
0.45099852950763314,0.17075995214811834,0.3782415183442485
0.45007150897909987,0.17088867243067418,0.3790398185902259
0.44914639392697975,0.1710163566029299,0.3798372494700903
0.44822318043459536,0.17114300803544646,0.3806338115299582
0.4473018645933199,0.17126863008986137,0.3814295053168188
0.44638244250256076,0.17139322611890928,0.38222433137853
0.44546491026974294,0.17151679946644405,0.383018290263813
0.4445492640102926,0.17163935346746095,0.3838113825222464
0.4436354998476205,0.17176089144811635,0.3846036087042632
0.4427236139131058,0.17188141672575097,0.3853949693611433
0.44181360234607936,0.17200093260890958,0.3861854650450111
0.4409054612938077,0.172119442397364,0.38697509630882826
0.43999918691147655,0.17223694938213185,0.38776386370639154
0.4390947753621746,0.17235345684550085,0.38855176779232453
0.4381922228168774,0.1724689680610465,0.38933880912207613
0.43729152545443073,0.17258348629365594,0.3901249882519133
0.4363926794615348,0.1726970147995479,0.39091030573891733
0.4354956810327282,0.17280955682629284,0.3916947621409789
0.4346005263703712,0.17292111561283574,0.39247835801679304
0.4337072116846304,0.17303169438951504,0.39326109392585457
0.4328157331934621,0.17314129637808517,0.39404297042845265
0.43192608712259684,0.17324992479173562,0.3948239880856676
0.4310382697055227,0.17335758283511282,0.3956041474593645
0.43015227718347016,0.17346427370434125,0.39638344911218865
0.42926810580539554,0.17357000058704242,0.397161893607562
0.42838575182796546,0.1736747666623566,0.3979394815096779
0.42750521151554094,0.17377857510096362,0.39871621338349544
0.4266264811401614,0.17388142906510262,0.399492089794736
0.4257495569815292,0.17398333170859226,0.4002671113098785
0.42487443532699365,0.17408428617685257,0.40104127849615384
0.4240011124715354,0.1741842956069235,0.4018145919215412
0.4231295847177506,0.17428336312748638,0.40258705215476304
0.4222598483758354,0.17438149185888396,0.4033586597652807
0.42139189976357033,0.17447868491314067,0.404129415323289
0.4205257352063047,0.1745749453939821,0.4048993193997132
0.41966135103694086,0.17467027639685628,0.40566837256620286
0.4187987435959189,0.17476468100895237,0.40643657539512873
0.41793790923120117,0.17485816230922213,0.4072039284595767
0.4170788442982566,0.1749507233683989,0.40797043233334457
0.4162215451600454,0.17504236724901778,0.4087360875909369
0.41536600818700375,0.17513309700543567,0.40950089480756063
0.41451222975702834,0.17522291568385084,0.41026485455912093
0.4136602062554609,0.1753118263223229,0.4110279674222163
0.41280993407507316,0.17539983195079278,0.4117902339741341
0.4119614096160515,0.17548693559110207,0.41255165479284645
0.41111462928598147,0.17557314025701265,0.413312230457006
0.41026958949983294,0.17565844895422655,0.41407196154594056
0.4094262866799447,0.17574286468040534,0.4148308486396501
0.4085847172560093,0.17582639042518977,0.415588892318801
0.4077448776650581,0.17590902917021956,0.41634609316472243
0.4069067643514461,0.17599078388915168,0.41710245175940225
0.40607037376683686,0.17607165754768106,0.41785796868548214
0.4052357023701873,0.17615165310355962,0.4186126445262532
0.4044027466277332,0.17623077350661454,0.4193664798656524
0.40357150301297373,0.17630902169876939,0.42011947528825694
0.4027419680066568,0.1763864006140613,0.4208716313792819
0.4019141380967641,0.17646291317866192,0.4216229487245741
0.4010880097784962,0.1765385623108947,0.4223734279106092
0.4002635795542577,0.1766133509212563,0.42312306952448603
0.3994408439336425,0.176687281912433,0.42387187415392463
0.398619799433419,0.1767603581793219,0.4246198423872591
0.3978004425775153,0.17683258260904866,0.42536697481343605
0.39698276989700443,0.1769039580809867,0.42611327202200894
0.39616677793008986,0.17697448746677624,0.426858734603134
0.39535246322209067,0.17704417363034253,0.4276033631475668
0.39453982232542706,0.17711301942791513,0.42834715824665787
0.3937288517996056,0.17718102770804722,0.42909012049234724
0.39291954821120467,0.17724820131163255,0.42983225047716284
0.3921119081338602,0.17731454307192596,0.4305735487942139
0.3913059281482508,0.17738005581456073,0.4313140160371885
0.3905016048420835,0.1774447423575677,0.43205365280034885
0.38969893481007917,0.1775086055113938,0.43279245967852703
0.38889791465395834,0.17757164807891967,0.433530437267122
0.38809854098242647,0.17763387285547982,0.43426758616209377
0.3873008104111599,0.17769528262887946,0.43500390695996066
0.3865047195627913,0.1777558801794129,0.43573940025779584
0.38571026506689565,0.17781566827988293,0.43647406665322147
0.3849174435599755,0.17787464969561873,0.43720790674440585
0.38412625168544723,0.17793282718449266,0.43794092113006017
0.3833366860936266,0.17799020349694084,0.43867311040943263
0.3825487434417145,0.17804678137597907,0.43940447518230646
0.38176242039378305,0.17810256355722254,0.44013501604899447
0.3809777136207611,0.1781575527689031,0.4408647336103359
0.3801946198004206,0.17821175173188697,0.4415936284676925
0.379413135617362,0.17826516315969376,0.4423217012229443
0.37863325776300083,0.1783177897585132,0.443048952478486
0.37785498293555314,0.17836963422722385,0.443775382837223
0.37707830784002183,0.17842069925741066,0.44450099290256756
0.3763032291881825,0.17847098753338264,0.44522578327843493
0.3755297436985699,0.17852050173219092,0.4459497545692392
0.37475784809646345,0.1785692445236462,0.44667290737989024
0.373987539113874,0.17861721857033652,0.44739524231578937
0.37321881348952957,0.17866442652764503,0.44811675998282535
0.37245166796886164,0.1787108710437677,0.4488374609873706
0.37168609930399144,0.17875655475972985,0.44955734593627866
0.3709221042537162,0.17880148030940546,0.4502764154368783
0.3701596795834954,0.1788456503195326,0.450994670096972
0.36939882206543695,0.17888906740973298,0.45171211052483
0.36863952847828374,0.1789317341925274,0.4524287373291888
0.3678817956074,0.17897365327335435,0.4531445511192456
0.3671256202447573,0.17901482725058693,0.45385955250465576
0.3663709991889217,0.17905525871554973,0.45457374209552853
0.3656179292450392,0.1790949502525374,0.4552871205024233
0.36486640722482344,0.17913390443882993,0.4559996883363466
0.3641164299465408,0.17917212384471182,0.4567114462087473
0.3633679942349983,0.17920961103348676,0.45742239473151486
0.36262109692152916,0.17924636856149723,0.4581325345169735
0.36187573484397983,0.17928239897814013,0.45884186617788
0.36113190484669655,0.17931770482588383,0.45955039032741957
0.360389603780512,0.1793522886402853,0.46025810757920266
0.3596488285027317,0.17938615295000782,0.4609650185472604
0.3589095758771213,0.17941930027683606,0.46167112384604264
0.35817184277389263,0.17945173313569474,0.46237642409041263
0.35743562606969076,0.17948345403466437,0.46308091989564487
0.356700922647581,0.17951446547499816,0.46378461187742076
0.35596772939703525,0.17954476995113922,0.4644875006518255
0.35523604321391916,0.17957436995073683,0.4651895868353439
0.3545058610004788,0.17960326795466264,0.46589087104485855
0.3537771796653278,0.17963146643702876,0.46659135389764334
0.35304999612343374,0.1796589678652024,0.46729103601136374
0.35232430729610587,0.17968577469982416,0.4679899180040699
0.3516001101109813,0.17971188939482297,0.46868800049419573
0.3508774015020125,0.1797373143974339,0.4693852841005535
0.3501561784094542,0.17976205214821384,0.470081769442332
0.3494364377798502,0.17978610508105797,0.47077745713909186
0.3487181765660207,0.1798094756232158,0.47147234781076336
0.34800139172704947,0.1798321661953085,0.47216644207764197
0.3472860802282708,0.1798541792113436,0.47285974056038554
0.3465722390412564,0.17987551707873306,0.47355224388001055
0.34585986514380335,0.1798961821983076,0.47424395265788893
0.34514895551992036,0.17991617696433426,0.4749348675157454
0.3444395071598158,0.17993550376453216,0.47562498907565204
0.34373151705988436,0.17995416498008798,0.4763143179600276
0.3430249822226949,0.1799721629856721,0.4770028547916329
0.34231989965697707,0.17998950014945614,0.47769060019356674
0.34161626637760945,0.1800061788331263,0.4783775547892642
0.3409140794056061,0.18002220139190162,0.4790637192024922
0.34021333576810464,0.1800375701745487,0.4797490940573466
0.3395140324983531,0.18005228752339786,0.480433679978249
0.3388161666356979,0.18006635577435848,0.48111747758994355
0.3381197352255708,0.1800797772569359,0.4818004875174932
0.3374247353194768,0.18009255429424598,0.48248271038627716
0.3367311639749815,0.18010468920303113,0.48316414682198733
0.3360390182556983,0.18011618429367704,0.48384479745062453
0.3353482952312768,0.1801270418702262,0.4845246628984969
0.3346589919773894,0.18013726423039556,0.4852037437922149
0.3339711055757199,0.1801468536655909,0.4858820407586892
0.3332846331139501,0.18015581246092283,0.48655955442512705
0.3325995716857486,0.1801641428952221,0.48723628541902925
0.33191591839075746,0.18017184724105495,0.4879122343681876
0.3312336703345806,0.18017892776473898,0.48858740190068034
0.33055282462877134,0.1801853867263583,0.4892617886448703
0.3298733783908201,0.18019122637977802,0.4899353952294018
0.32919532874414215,0.1801964489726614,0.4906082222831964
0.32851867281806585,0.18020105674648335,0.4912802704354508
0.3278434077478198,0.1802050519365468,0.4919515403156333
0.32716953067452126,0.18020843677199738,0.4926220325534813
0.32649703874516406,0.18021121347583824,0.4932917477789977
0.325825929112606,0.18021338426494649,0.49396068662244746
0.3251561989355574,0.18021495135008692,0.49462884971435556
0.32448784537856873,0.18021591693592753,0.4952962376855036
0.3238208656120186,0.1802162832210551,0.49596285116692623
0.32315525681210194,0.18021605239798943,0.4966286907899086
0.32249101616081804,0.18021522665319833,0.4972937571859836
0.32182814084595834,0.1802138081671134,0.4979580509869282
0.32116662806109497,0.18021179911414376,0.4986215728247612
0.32050647500556845,0.18020920166269172,0.49928432333173983
0.3198476788844761,0.18020601797516722,0.49994630314035654
0.31919023690866005,0.18020225020800318,0.5006075128833367
0.3185341462946957,0.18019790051166895,0.5012679531936354
0.3178794042648794,0.18019297103068665,0.501927624704434
0.31722600804721723,0.18018746390364504,0.5025865280491377
0.3165739548754132,0.1801813812632137,0.5032446638613731
0.3159232419888571,0.18017472523615874,0.5039020327749841
0.3152738666326133,0.1801674979433563,0.5045586354240303
0.31462582605740885,0.18015970149980798,0.5052144724427832
0.31397911751962193,0.18015133801465466,0.5058695444657234
0.3133337382812701,0.18014240959119177,0.5065238521275381
0.3126896856099989,0.18013291832688272,0.5071773960631184
0.31204695677906996,0.18012286631337437,0.5078301769075556
0.31140554906735013,0.18011225563651045,0.5084821952961394
0.31076545975929903,0.18010108837634653,0.5091334518643544
0.31012668614495836,0.18008936660716413,0.5097839472478775
0.3094892255199398,0.18007709239748526,0.5104336820825749
0.3088530751854142,0.180064267810086,0.5110826570044997
0.3082182324480996,0.1800508949020111,0.5117308726498893
0.30758469462024995,0.1800369757245891,0.512378329655161
0.3069524590196442,0.18002251232344402,0.5130250286569118
0.3063215229695741,0.1800075067385125,0.5136709702919133
0.30569188379883366,0.17999196100405546,0.5143161551971108
0.3050635388417073,0.1799758771486738,0.5149605840096189
0.304436485437959,0.1799592571953209,0.5156042573667201
0.3038107209328205,0.17994210316131842,0.516247175905861
0.30318624267698085,0.17992441705836804,0.516889340264651
0.30256304802657413,0.1799062008925678,0.517530751080858
0.30194113434316944,0.1798874566644234,0.5181714089924071
0.3013204989937586,0.1798681863688647,0.5188113146373766
0.30070113935074594,0.17984839199525782,0.5194504686539962
0.30008305279193653,0.17982807552741886,0.5200888716806445
0.29946623670052547,0.1798072389436286,0.5207265243558459
0.2988506884650865,0.1797858842166461,0.5213634273182673
0.29823640547956126,0.17976401331372138,0.5219995812067173
0.2976233851432481,0.17974162819661,0.5226349866601419
0.29701162486079097,0.17971873082158685,0.5232696443176221
0.2964011220421686,0.1796953231394588,0.5239035548183726
0.29579187410268337,0.1796714070955795,0.5245367188017371
0.2951838784629507,0.17964698462986117,0.5251691369071881
0.29457713254888757,0.17962205767679018,0.5258008097743222
0.2939716337917023,0.17959662816543887,0.5264317380428588
0.293367379627883,0.1795706980194801,0.5270619223526368
0.2927643674991873,0.1795442691571999,0.5276913633436128
0.29216259485263096,0.17951734349151138,0.5283200616558577
0.2915620591404778,0.17948992292996702,0.5289480179295551
0.29096275782022796,0.17946200937477386,0.5295752328049982
0.29036468835460805,0.17943360472280512,0.5302017069225868
0.2897678482115598,0.17940471086561427,0.5308274409228259
0.2891722348642296,0.17937532968944758,0.5314524354463228
0.2885778457909579,0.179345463075258,0.5320766911337841
0.287984678475268,0.1793151128987186,0.5327002086260134
0.2873927304058562,0.17928428103023386,0.5333229885639099
0.28680199907658044,0.17925296933495583,0.5339450315884637
0.2862124819864502,0.17922117967279394,0.5345663383407558
0.2856241766396156,0.17918891389843017,0.5351869094619542
0.285037080545357,0.1791561738613313,0.5358067455933117
0.2844511912180742,0.17912296140576223,0.5364258473761635
0.28386650617727655,0.17908927837079824,0.5370442154519252
0.28328302294757146,0.17905512659033884,0.5376618504620897
0.28270073905865495,0.17902050789312007,0.5382787530482249
0.2821196520453003,0.17898542410272722,0.5388949238519725
0.2815397594473485,0.178949877037608,0.5395103635150434
0.2809610588096969,0.17891386851108537,0.5401250726792177
0.28038354768228946,0.17887740033137034,0.5407390519863402
0.2798072236201064,0.1788404743015739,0.5413523020783196
0.27923208418315315,0.17880309221972113,0.5419648235971257
0.2786581269364511,0.17876525587876224,0.5425766171847867
0.27808534945002616,0.17872696706658708,0.5431876834833868
0.27751374929889944,0.17868822756603597,0.5437980231350645
0.2769433240630762,0.17864903915491348,0.5444076367820103
0.27637407132753633,0.17860940360600042,0.5450165250664633
0.2758059886822234,0.1785693226870665,0.5456246886307101
0.27523907372203504,0.1785287981608834,0.5462321281170816
0.27467332404681244,0.17848783178523553,0.546838844167952
0.2741087372613304,0.1784464253129351,0.5474448374257345
0.27354531097528684,0.17840458049183172,0.5480501085328814
0.2729830428032932,0.1783622990648268,0.54865465813188
0.27242193036486373,0.1783195827698858,0.5492584868652505
0.271861971284406,0.17827643334004872,0.5498615953755452
0.27130316319121045,0.17823285250344467,0.5504639843053448
0.27074550371944045,0.17818884198330265,0.5510656542972568
0.2701889905081225,0.17814440349796445,0.551666605993913
0.2696336212011357,0.1780995387608968,0.5522668400379674
0.2690793934472025,0.17805424948070314,0.5528663570720943
0.26852630489987805,0.1780085373611362,0.5534651577389857
0.2679743532175409,0.17796240410110997,0.5540632426813491
0.2674235360633823,0.17791585139471222,0.5546606125419055
0.2668738511053973,0.17786888093121545,0.5552572679633873
0.266325296016374,0.17782149439509032,0.5558532095885357
0.26577786847388424,0.17777369346601624,0.5564484380600995
0.26523156616027344,0.17772547981889497,0.5570429540208316
0.264686386762651,0.17767685512386078,0.5576367581134882
0.2641423279728803,0.17762782104629438,0.5582298509808253
0.2635993874875693,0.17757837924683262,0.5588222332655981
0.2630575630080604,0.17752853138138225,0.5594139056105574
0.26251685224042076,0.17747827910113068,0.5600048686584486
0.26197725289543294,0.17742762405255796,0.5605951230520091
0.26143876268858474,0.1773765678774495,0.5611846694339657
0.2609013793400598,0.1773251122129057,0.5617735084470344
0.26036510057472784,0.17727325869135657,0.5623616407339156
0.25982992412213524,0.17722100894057058,0.5629490669372942
0.259295847716495,0.17716836458366858,0.5635357876998364
0.2587628690966777,0.1771153272391338,0.5641218036641885
0.25823098600620137,0.17706189852082466,0.5647071154729739
0.2577001961932225,0.17700808003798574,0.5652917237687918
0.25717049741052583,0.17695387339525948,0.5658756291942146
0.25664188741551563,0.17689928019269796,0.5664588323917864
0.2561143639702054,0.17684430202577395,0.5670413340040206
0.25558792484120907,0.17678894048539295,0.567623134673398
0.2550625677997312,0.1767331971579037,0.5682042350423651
0.2545382906215575,0.1766770736251113,0.5687846357533312
0.2540150910870456,0.17662057146428634,0.569364337448668
0.25349296698111556,0.1765636922481787,0.5699433407707057
0.25297191609324055,0.17650643754502682,0.5705216463617326
0.2524519362174373,0.17644880891857073,0.5710992548639919
0.2519330251522571,0.1763908079280615,0.5716761669196814
0.25141518070077606,0.17633243612827465,0.5722523831709493
0.2508984006705863,0.17627369506951995,0.5728279042598937
0.25038268287378607,0.17621458629765263,0.5734027308285613
0.24986802512697123,0.17615511135408518,0.5739768635189436
0.24935442525122517,0.17609527177579837,0.5745503029729765
0.24884188107211036,0.17603506909535238,0.5751230498325373
0.24833039041965851,0.17597450484089755,0.575695104739444
0.24781995112836186,0.1759135805361861,0.576266468335452
0.2473105610371638,0.1758522977005822,0.576837141262254
0.2468022179894496,0.1757906578490746,0.5774071241614758
0.2462949198330376,0.17572866249228597,0.5779764176746764
0.24578866442016975,0.17566631313648512,0.5785450224433452
0.24528344960750284,0.17560361128359697,0.5791129391089002
0.2447792732560991,0.17554055843121408,0.5796801683126869
