0,1,0,0
16,0.99794,0.00089435,0.0011611
32,0.99589,0.0017853,0.0023212
48,0.99385,0.002673,0.0034804
64,0.9918,0.0035574,0.0046387
80,0.98977,0.0044387,0.005796
96,0.98774,0.0053123,0.0069511
112,0.98571,0.0061821,0.008105
128,0.98369,0.0070519,0.009259
144,0.98167,0.0079217,0.010413
160,0.97964,0.0087915,0.011567
176,0.97762,0.0096573,0.01272
192,0.97562,0.01051,0.013868
208,0.97362,0.011362,0.015017
224,0.97162,0.012215,0.016166
240,0.96962,0.013068,0.017315
256,0.96762,0.01392,0.018464
272,0.96563,0.014759,0.019608
288,0.96365,0.015594,0.020752
304,0.96167,0.01643,0.021895
320,0.9597,0.017265,0.023039
336,0.95772,0.018101,0.024183
352,0.95575,0.01893,0.025324
368,0.95379,0.019748,0.026463
384,0.95183,0.020567,0.027601
400,0.94987,0.021386,0.02874
416,0.94792,0.022205,0.029878
432,0.94596,0.023023,0.031016
448,0.94407,0.023793,0.032139
464,0.94217,0.024564,0.033262
480,0.94028,0.025334,0.034385
496,0.93839,0.026105,0.035508
512,0.93649,0.026875,0.036631
528,0.9346,0.027645,0.037754
544,0.93271,0.028416,0.038877
560,0.93081,0.029186,0.04
576,0.92892,0.029957,0.041123
592,0.92703,0.030727,0.042246
608,0.92513,0.031497,0.043369
624,0.92324,0.032268,0.044492
640,0.92135,0.033038,0.045615
656,0.91945,0.033809,0.046738
672,0.91756,0.034579,0.047861
688,0.91567,0.035349,0.048983
704,0.91377,0.03612,0.050106
720,0.91188,0.03689,0.051229
736,0.90999,0.03766,0.052352
752,0.90809,0.038431,0.053475
768,0.9062,0.039201,0.054598
784,0.90431,0.039972,0.055721
800,0.90241,0.040742,0.056844
816,0.90052,0.041512,0.057967
832,0.89863,0.042283,0.05909
848,0.89673,0.043053,0.060213
864,0.89484,0.043824,0.061336
880,0.89305,0.044519,0.062433
896,0.89126,0.045213,0.06353
912,0.88947,0.045907,0.064627
928,0.88768,0.046601,0.065724
944,0.88588,0.047295,0.066821
960,0.88409,0.047989,0.067918
976,0.8823,0.048682,0.069015
992,0.88051,0.049376,0.070112
1008,0.87872,0.05007,0.071209
1024,0.87693,0.050764,0.072306
1040,0.87514,0.051458,0.073403
1056,0.87335,0.052152,0.0745
1072,0.87156,0.052846,0.075597
1088,0.86977,0.05354,0.076694
1104,0.86798,0.054234,0.077791
1120,0.86618,0.054928,0.078888
1136,0.86439,0.055622,0.079984
1152,0.8626,0.056316,0.081081
1168,0.86081,0.05701,0.082178
1184,0.85902,0.057704,0.083275
1200,0.85723,0.058398,0.084372
1216,0.85544,0.059092,0.085469
1232,0.85365,0.059786,0.086566
1248,0.85186,0.060479,0.087663
1264,0.85007,0.061173,0.08876
1280,0.84828,0.061867,0.089857
1296,0.84648,0.062561,0.090954
1312,0.84479,0.063188,0.092026
1328,0.84309,0.063811,0.093097
1344,0.8414,0.064434,0.094168
1360,0.8397,0.065057,0.095239
1376,0.83801,0.06568,0.09631
1392,0.83632,0.066303,0.097381
1408,0.83462,0.066926,0.098452
1424,0.83293,0.06755,0.099522
1440,0.83123,0.068173,0.10059
1456,0.82954,0.068796,0.10166
1472,0.82785,0.069419,0.10274
1488,0.82615,0.070042,0.10381
1504,0.82446,0.070665,0.10488
1520,0.82276,0.071288,0.10595
1536,0.82107,0.071911,0.10702
1552,0.81938,0.072534,0.10809
1568,0.81768,0.073158,0.10916
1584,0.81599,0.073781,0.11023
1600,0.81429,0.074404,0.1113
1616,0.8126,0.075027,0.11237
1632,0.81091,0.07565,0.11344
1648,0.80921,0.076273,0.11451
1664,0.80752,0.076896,0.11559
1680,0.80582,0.077519,0.11666
1696,0.80413,0.078142,0.11773
1712,0.80244,0.078765,0.1188
1728,0.80074,0.079389,0.11987
1744,0.79913,0.079951,0.12092
1760,0.79753,0.080509,0.12196
1776,0.79593,0.081066,0.12301
1792,0.79433,0.081624,0.12405
1808,0.79272,0.082181,0.1251
1824,0.79112,0.082739,0.12614
1840,0.78952,0.083296,0.12719
1856,0.78792,0.083854,0.12823
1872,0.78631,0.084412,0.12927
1888,0.78471,0.084969,0.13032
1904,0.78311,0.085527,0.13136
1920,0.78151,0.086084,0.13241
1936,0.7799,0.086642,0.13345
1952,0.7783,0.087199,0.1345
1968,0.7767,0.087757,0.13554
1984,0.7751,0.088314,0.13659
2000,0.77349,0.088872,0.13763
2016,0.77189,0.089429,0.13868
2032,0.77029,0.089987,0.13972
2048,0.76869,0.090544,0.14077
2064,0.76709,0.091102,0.14181
2080,0.76548,0.091659,0.14286
2096,0.76388,0.092217,0.1439
2112,0.76228,0.092775,0.14495
2128,0.76068,0.093332,0.14599
2144,0.75907,0.09389,0.14704
2160,0.75747,0.094447,0.14808
2176,0.75599,0.094922,0.14909
2192,0.75452,0.095386,0.15009
2208,0.75305,0.095851,0.1511
2224,0.75158,0.096315,0.1521
2240,0.75012,0.09678,0.1531
2256,0.74865,0.097244,0.15411
2272,0.74718,0.097709,0.15511
2288,0.74571,0.098173,0.15611
2304,0.74424,0.098638,0.15712
2320,0.74278,0.099102,0.15812
2336,0.74131,0.099567,0.15913
2352,0.73984,0.10003,0.16013
2368,0.73837,0.1005,0.16113
2384,0.7369,0.10096,0.16214
2400,0.73544,0.10142,0.16314
2416,0.73397,0.10189,0.16414
2432,0.7325,0.10235,0.16515
2448,0.73103,0.10282,0.16615
2464,0.72956,0.10328,0.16715
2480,0.7281,0.10375,0.16816
2496,0.72663,0.10421,0.16916
2512,0.72516,0.10468,0.17017
2528,0.72369,0.10514,0.17117
2544,0.72222,0.1056,0.17217
2560,0.72075,0.10607,0.17318
2576,0.71929,0.10653,0.17418
2592,0.71782,0.107,0.17518
2608,0.71635,0.10746,0.17619
2624,0.71488,0.10793,0.17719
2640,0.71341,0.10839,0.17819
2656,0.71195,0.10886,0.1792
2672,0.71048,0.10932,0.1802
2688,0.70901,0.10979,0.1812
2704,0.70754,0.11025,0.18221
2720,0.70607,0.11071,0.18321
2736,0.70461,0.11118,0.18422
2752,0.70314,0.11164,0.18522
2768,0.70167,0.11211,0.18622
2784,0.7002,0.11257,0.18723
2800,0.69873,0.11304,0.18823
2816,0.69727,0.1135,0.18923
2832,0.6958,0.11397,0.19024
2848,0.69433,0.11443,0.19124
2864,0.69286,0.11489,0.19224
2880,0.69139,0.11536,0.19325
2896,0.68993,0.11582,0.19425
2912,0.68846,0.11629,0.19525
2928,0.68699,0.11675,0.19626
2944,0.68552,0.11722,0.19726
2960,0.68405,0.11768,0.19827
2976,0.68258,0.11815,0.19927
2992,0.68112,0.11861,0.20027
3008,0.67965,0.11907,0.20128
3024,0.67818,0.11954,0.20228
3040,0.67671,0.12,0.20328
3056,0.67524,0.12047,0.20429
3072,0.67378,0.12093,0.20529
3088,0.67231,0.1214,0.20629
3104,0.67088,0.12183,0.20728
3120,0.66958,0.12219,0.20823
3136,0.66828,0.12254,0.20918
3152,0.66698,0.12289,0.21013
3168,0.66568,0.12325,0.21107
3184,0.66438,0.1236,0.21202
3200,0.66308,0.12395,0.21297
3216,0.66178,0.12431,0.21392
3232,0.66048,0.12466,0.21487
3248,0.65917,0.12501,0.21581
3264,0.65787,0.12537,0.21676
3280,0.65657,0.12572,0.21771
3296,0.65527,0.12607,0.21866
3312,0.65397,0.12643,0.21961
3328,0.65267,0.12678,0.22055
3344,0.65137,0.12713,0.2215
3360,0.65007,0.12749,0.22245
3376,0.64876,0.12784,0.2234
3392,0.64746,0.12819,0.22434
3408,0.64616,0.12855,0.22529
3424,0.64486,0.1289,0.22624
3440,0.64356,0.12925,0.22719
3456,0.64226,0.1296,0.22814
3472,0.64096,0.12996,0.22908
3488,0.63966,0.13031,0.23003
3504,0.63836,0.13066,0.23098
3520,0.63705,0.13102,0.23193
3536,0.63575,0.13137,0.23288
3552,0.63445,0.13172,0.23382
3568,0.63315,0.13208,0.23477
3584,0.63185,0.13243,0.23572
3600,0.63055,0.13278,0.23667
3616,0.62925,0.13314,0.23762
3632,0.62795,0.13349,0.23856
3648,0.62664,0.13384,0.23951
3664,0.62534,0.1342,0.24046
3680,0.62404,0.13455,0.24141
3696,0.62274,0.1349,0.24235
3712,0.62144,0.13526,0.2433
3728,0.62014,0.13561,0.24425
3744,0.61884,0.13596,0.2452
3760,0.61754,0.13632,0.24615
3776,0.61624,0.13667,0.24709
3792,0.61493,0.13702,0.24804
3808,0.61363,0.13738,0.24899
3824,0.61233,0.13773,0.24994
3840,0.61103,0.13808,0.25089
3856,0.60973,0.13844,0.25183
3872,0.60843,0.13879,0.25278
3888,0.60713,0.13914,0.25373
3904,0.60583,0.1395,0.25468
3920,0.60452,0.13985,0.25562
3936,0.60322,0.1402,0.25657
3952,0.60192,0.14056,0.25752
3968,0.60062,0.14091,0.25847
3984,0.59932,0.14126,0.25942
4000,0.59802,0.14162,0.26036
4016,0.59672,0.14197,0.26131
4032,0.59542,0.14232,0.26226
4048,0.59421,0.14262,0.26317
4064,0.59306,0.14288,0.26407
4080,0.5919,0.14314,0.26496
4096,0.59075,0.1434,0.26585
4112,0.5896,0.14366,0.26675
4128,0.58844,0.14392,0.26764
4144,0.58729,0.14418,0.26853
4160,0.58614,0.14444,0.26943
4176,0.58499,0.1447,0.27032
4192,0.58383,0.14496,0.27121
4208,0.58268,0.14521,0.27211
4224,0.58153,0.14547,0.273
4240,0.58037,0.14573,0.27389
4256,0.57922,0.14599,0.27479
4272,0.57807,0.14625,0.27568
4288,0.57691,0.14651,0.27657
4304,0.57576,0.14677,0.27747
4320,0.57461,0.14703,0.27836
4336,0.57345,0.14729,0.27925
4352,0.5723,0.14755,0.28015
4368,0.57115,0.14781,0.28104
4384,0.57,0.14807,0.28193
4400,0.56884,0.14833,0.28283
4416,0.56769,0.14859,0.28372
4432,0.56654,0.14885,0.28461
4448,0.56538,0.14911,0.28551
4464,0.56423,0.14937,0.2864
4480,0.56308,0.14963,0.28729
4496,0.56192,0.14989,0.28819
4512,0.56077,0.15015,0.28908
4528,0.55962,0.15041,0.28997
4544,0.55846,0.15067,0.29087
4560,0.55731,0.15093,0.29176
4576,0.55616,0.15119,0.29265
4592,0.55501,0.15145,0.29355
4608,0.55385,0.15171,0.29444
4624,0.5527,0.15197,0.29533
4640,0.55155,0.15223,0.29623
4656,0.55039,0.15249,0.29712
4672,0.54924,0.15275,0.29801
4688,0.54809,0.15301,0.29891
4704,0.54693,0.15327,0.2998
4720,0.54578,0.15353,0.30069
4736,0.54463,0.15379,0.30159
4752,0.54347,0.15405,0.30248
4768,0.54232,0.15431,0.30337
4784,0.54117,0.15457,0.30427
4800,0.54002,0.15483,0.30516
4816,0.53886,0.15509,0.30605
4832,0.53771,0.15535,0.30695
4848,0.53656,0.15561,0.30784
4864,0.5354,0.15586,0.30873
4880,0.53425,0.15612,0.30963
4896,0.5331,0.15638,0.31052
4912,0.53194,0.15664,0.31141
4928,0.53079,0.1569,0.31231
4944,0.52964,0.15716,0.3132
4960,0.52848,0.15742,0.31409
4976,0.52733,0.15768,0.31498
4992,0.52631,0.15786,0.31582
5008,0.52529,0.15805,0.31666
5024,0.52427,0.15823,0.3175
5040,0.52325,0.15841,0.31834
5056,0.52222,0.15859,0.31918
5072,0.5212,0.15877,0.32002
5088,0.52018,0.15896,0.32086
5104,0.51916,0.15914,0.3217
5120,0.51814,0.15932,0.32255
5136,0.51711,0.1595,0.32339
5152,0.51609,0.15968,0.32423
5168,0.51507,0.15987,0.32507
5184,0.51405,0.16005,0.32591
5200,0.51303,0.16023,0.32675
5216,0.512,0.16041,0.32759
5232,0.51098,0.16059,0.32843
5248,0.50996,0.16078,0.32927
5264,0.50894,0.16096,0.33011
5280,0.50791,0.16114,0.33095
5296,0.50689,0.16132,0.33179
5312,0.50587,0.1615,0.33263
5328,0.50485,0.16169,0.33347
5344,0.50383,0.16187,0.33431
5360,0.5028,0.16205,0.33515
5376,0.50178,0.16223,0.33599
5392,0.50076,0.16241,0.33683
5408,0.49974,0.1626,0.33767
5424,0.49872,0.16278,0.33851
5440,0.49769,0.16296,0.33935
5456,0.49667,0.16314,0.34019
5472,0.49565,0.16332,0.34103
5488,0.49463,0.1635,0.34187
5504,0.49361,0.16369,0.34271
5520,0.49258,0.16387,0.34355
5536,0.49156,0.16405,0.34439
5552,0.49054,0.16423,0.34523
5568,0.48952,0.16441,0.34607
5584,0.4885,0.1646,0.34691
5600,0.48747,0.16478,0.34775
5616,0.48645,0.16496,0.34859
5632,0.48543,0.16514,0.34943
5648,0.48441,0.16532,0.35027
5664,0.48339,0.16551,0.35111
5680,0.48236,0.16569,0.35195
5696,0.48134,0.16587,0.35279
5712,0.48032,0.16605,0.35363
5728,0.4793,0.16623,0.35447
5744,0.47828,0.16642,0.35531
5760,0.47725,0.1666,0.35615
5776,0.47623,0.16678,0.35699
5792,0.47521,0.16696,0.35783
5808,0.47419,0.16714,0.35867
5824,0.47317,0.16733,0.35951
5840,0.47214,0.16751,0.36035
5856,0.47112,0.16769,0.36119
5872,0.4701,0.16787,0.36203
5888,0.46908,0.16805,0.36287
5904,0.46806,0.16824,0.36371
5920,0.46708,0.16839,0.36453
5936,0.46618,0.1685,0.36531
5952,0.46529,0.16862,0.3661
5968,0.46439,0.16873,0.36688
5984,0.46349,0.16885,0.36767
6000,0.46259,0.16896,0.36845
6016,0.46169,0.16907,0.36923
6032,0.46079,0.16919,0.37002
6048,0.4599,0.1693,0.3708
6064,0.459,0.16941,0.37159
6080,0.4581,0.16953,0.37237
6096,0.4572,0.16964,0.37316
6112,0.4563,0.16975,0.37394
6128,0.45541,0.16987,0.37473
6144,0.45451,0.16998,0.37551
6160,0.45361,0.17009,0.3763
6176,0.45271,0.17021,0.37708
6192,0.45181,0.17032,0.37786
6208,0.45092,0.17043,0.37865
6224,0.45002,0.17055,0.37943
6240,0.44912,0.17066,0.38022
6256,0.44822,0.17078,0.381
6272,0.44732,0.17089,0.38179
6288,0.44643,0.171,0.38257
6304,0.44553,0.17112,0.38336
6320,0.44463,0.17123,0.38414
6336,0.44373,0.17134,0.38493
6352,0.44283,0.17146,0.38571
6368,0.44193,0.17157,0.3865
6384,0.44104,0.17168,0.38728
6400,0.44014,0.1718,0.38806
6416,0.43924,0.17191,0.38885
6432,0.43834,0.17202,0.38963
6448,0.43744,0.17214,0.39042
6464,0.43655,0.17225,0.3912
6480,0.43565,0.17236,0.39199
6496,0.43475,0.17248,0.39277
6512,0.43385,0.17259,0.39356
6528,0.43295,0.17271,0.39434
6544,0.43206,0.17282,0.39513
6560,0.43116,0.17293,0.39591
6576,0.43026,0.17305,0.39669
6592,0.42936,0.17316,0.39748
6608,0.42846,0.17327,0.39826
6624,0.42757,0.17339,0.39905
6640,0.42667,0.1735,0.39983
6656,0.42577,0.17361,0.40062
6672,0.42487,0.17373,0.4014
6688,0.42397,0.17384,0.40219
6704,0.42307,0.17395,0.40297
6720,0.42218,0.17407,0.40376
6736,0.42128,0.17418,0.40454
6752,0.42038,0.17429,0.40532
6768,0.41948,0.17441,0.40611
6784,0.41858,0.17452,0.40689
6800,0.41769,0.17464,0.40768
6816,0.41679,0.17475,0.40846
6832,0.41589,0.17486,0.40925
6848,0.41499,0.17498,0.41003
6864,0.41409,0.17509,0.41082
6880,0.4132,0.1752,0.4116
6896,0.4123,0.17532,0.41239
6912,0.4114,0.17543,0.41317
6928,0.4105,0.17554,0.41395
6944,0.4096,0.17566,0.41474
6960,0.40871,0.17577,0.41552
6976,0.40781,0.17588,0.41631
6992,0.40691,0.176,0.41709
7008,0.4061,0.17606,0.41783
7024,0.40532,0.17612,0.41856
7040,0.40454,0.17617,0.41929
7056,0.40376,0.17622,0.42002
7072,0.40298,0.17628,0.42074
7088,0.4022,0.17633,0.42147
7104,0.40142,0.17639,0.4222
7120,0.40063,0.17644,0.42293
7136,0.39985,0.17649,0.42365
7152,0.39907,0.17655,0.42438
7168,0.39829,0.1766,0.42511
7184,0.39751,0.17665,0.42584
7200,0.39673,0.17671,0.42657
7216,0.39595,0.17676,0.42729
7232,0.39516,0.17682,0.42802
7248,0.39438,0.17687,0.42875
7264,0.3936,0.17692,0.42948
7280,0.39282,0.17698,0.4302
7296,0.39204,0.17703,0.43093
7312,0.39126,0.17708,0.43166
7328,0.39048,0.17714,0.43239
7344,0.38969,0.17719,0.43312
7360,0.38891,0.17724,0.43384
7376,0.38813,0.1773,0.43457
7392,0.38735,0.17735,0.4353
7408,0.38657,0.17741,0.43603
7424,0.38579,0.17746,0.43675
7440,0.38501,0.17751,0.43748
7456,0.38422,0.17757,0.43821
7472,0.38344,0.17762,0.43894
7488,0.38266,0.17767,0.43966
7504,0.38188,0.17773,0.44039
7520,0.3811,0.17778,0.44112
7536,0.38032,0.17784,0.44185
7552,0.37954,0.17789,0.44258
7568,0.37875,0.17794,0.4433
7584,0.37797,0.178,0.44403
7600,0.37719,0.17805,0.44476
7616,0.37641,0.1781,0.44549
7632,0.37563,0.17816,0.44621
7648,0.37485,0.17821,0.44694
7664,0.37407,0.17826,0.44767
7680,0.37328,0.17832,0.4484
7696,0.3725,0.17837,0.44913
7712,0.37172,0.17843,0.44985
7728,0.37094,0.17848,0.45058
7744,0.37016,0.17853,0.45131
7760,0.36938,0.17859,0.45204
7776,0.3686,0.17864,0.45276
7792,0.36781,0.17869,0.45349
7808,0.36703,0.17875,0.45422
7824,0.36625,0.1788,0.45495
7840,0.36547,0.17885,0.45567
7856,0.36469,0.17891,0.4564
7872,0.36391,0.17896,0.45713
7888,0.36313,0.17902,0.45786
7904,0.36234,0.17907,0.45859
7920,0.36156,0.17912,0.45931
7936,0.36078,0.17918,0.46004
7952,0.36,0.17923,0.46077
7968,0.35922,0.17928,0.4615
7984,0.35844,0.17934,0.46222
8000,0.35766,0.17939,0.46295
8016,0.35687,0.17945,0.46368
8032,0.35609,0.1795,0.46441
8048,0.35531,0.17955,0.46514
8064,0.35453,0.17961,0.46586
8080,0.35377,0.17965,0.46658
8096,0.35309,0.17966,0.46725
8112,0.35241,0.17966,0.46793
8128,0.35173,0.17967,0.4686
8144,0.35105,0.17967,0.46928
8160,0.35037,0.17968,0.46995
8176,0.34969,0.17969,0.47062
8192,0.34901,0.17969,0.4713
8208,0.34833,0.1797,0.47197
8224,0.34765,0.1797,0.47264
8240,0.34697,0.17971,0.47332
8256,0.34629,0.17972,0.47399
8272,0.34561,0.17972,0.47466
8288,0.34493,0.17973,0.47534
8304,0.34425,0.17973,0.47601
8320,0.34357,0.17974,0.47669
8336,0.34289,0.17975,0.47736
8352,0.34221,0.17975,0.47803
8368,0.34154,0.17976,0.47871
8384,0.34086,0.17976,0.47938
8400,0.34018,0.17977,0.48005
8416,0.3395,0.17978,0.48073
8432,0.33882,0.17978,0.4814
8448,0.33814,0.17979,0.48208
8464,0.33746,0.17979,0.48275
8480,0.33678,0.1798,0.48342
8496,0.3361,0.17981,0.4841
8512,0.33542,0.17981,0.48477
8528,0.33474,0.17982,0.48544
8544,0.33406,0.17982,0.48612
8560,0.33338,0.17983,0.48679
8576,0.3327,0.17983,0.48747
8592,0.33202,0.17984,0.48814
8608,0.33134,0.17985,0.48881
8624,0.33066,0.17985,0.48949
8640,0.32998,0.17986,0.49016
8656,0.3293,0.17986,0.49083
8672,0.32862,0.17987,0.49151
8688,0.32794,0.17988,0.49218
8704,0.32726,0.17988,0.49286
8720,0.32658,0.17989,0.49353
8736,0.3259,0.17989,0.4942
8752,0.32522,0.1799,0.49488
8768,0.32454,0.17991,0.49555
8784,0.32386,0.17991,0.49622
8800,0.32318,0.17992,0.4969
8816,0.3225,0.17992,0.49757
8832,0.32183,0.17993,0.49824
8848,0.32115,0.17994,0.49892
8864,0.32047,0.17994,0.49959
8880,0.31979,0.17995,0.50027
8896,0.31911,0.17995,0.50094
8912,0.31843,0.17996,0.50161
8928,0.31775,0.17997,0.50229
8944,0.31707,0.17997,0.50296
8960,0.31639,0.17998,0.50363
8976,0.31571,0.17998,0.50431
8992,0.31503,0.17999,0.50498
9008,0.31435,0.18,0.50566
9024,0.31367,0.18,0.50633
9040,0.31299,0.18001,0.507
9056,0.31231,0.18001,0.50768
9072,0.31163,0.18002,0.50835
9088,0.31095,0.18002,0.50902
9104,0.31027,0.18003,0.5097
9120,0.30959,0.18004,0.51037
9136,0.30891,0.18004,0.51105
9152,0.30823,0.18005,0.51172
9168,0.30761,0.18003,0.51236
9184,0.30701,0.18,0.51298
9200,0.30642,0.17997,0.51361
9216,0.30583,0.17994,0.51423
9232,0.30524,0.17991,0.51485
9248,0.30465,0.17988,0.51547
9264,0.30406,0.17985,0.5161
9280,0.30347,0.17981,0.51672
9296,0.30287,0.17978,0.51734
9312,0.30228,0.17975,0.51796
9328,0.30169,0.17972,0.51859
9344,0.3011,0.17969,0.51921
9360,0.30051,0.17966,0.51983
9376,0.29992,0.17963,0.52045
9392,0.29933,0.1796,0.52108
9408,0.29873,0.17957,0.5217
9424,0.29814,0.17954,0.52232
9440,0.29755,0.1795,0.52294
9456,0.29696,0.17947,0.52357
9472,0.29637,0.17944,0.52419
9488,0.29578,0.17941,0.52481
9504,0.29519,0.17938,0.52543
9520,0.29459,0.17935,0.52606
9536,0.294,0.17932,0.52668
9552,0.29341,0.17929,0.5273
9568,0.29282,0.17926,0.52792
9584,0.29223,0.17922,0.52855
9600,0.29164,0.17919,0.52917
9616,0.29105,0.17916,0.52979
9632,0.29045,0.17913,0.53041
9648,0.28986,0.1791,0.53104
9664,0.28927,0.17907,0.53166
9680,0.28868,0.17904,0.53228
9696,0.28809,0.17901,0.5329
9712,0.2875,0.17898,0.53353
9728,0.28691,0.17895,0.53415
9744,0.28631,0.17891,0.53477
9760,0.28572,0.17888,0.53539
9776,0.28513,0.17885,0.53602
9792,0.28454,0.17882,0.53664
9808,0.28395,0.17879,0.53726
9824,0.28336,0.17876,0.53788
9840,0.28277,0.17873,0.53851
9856,0.28218,0.1787,0.53913
9872,0.28158,0.17867,0.53975
9888,0.28099,0.17863,0.54037
9904,0.2804,0.1786,0.541
9920,0.27981,0.17857,0.54162
9936,0.27922,0.17854,0.54224
9952,0.27863,0.17851,0.54286
9968,0.27804,0.17848,0.54349
9984,0.27744,0.17845,0.54411
10000,0.27685,0.17842,0.54473
10016,0.27626,0.17839,0.54535
10032,0.27567,0.17836,0.54597
10048,0.27508,0.17832,0.5466
10064,0.27449,0.17829,0.54722
10080,0.2739,0.17826,0.54784
10096,0.2733,0.17823,0.54846
10112,0.27271,0.1782,0.54909
10128,0.27212,0.17817,0.54971
10144,0.27153,0.17814,0.55033
10160,0.27094,0.17811,0.55095
10176,0.27035,0.17808,0.55158
10192,0.26976,0.17804,0.5522
10208,0.26916,0.17801,0.55282
10224,0.26857,0.17798,0.55344
10240,0.26798,0.17795,0.55407
10256,0.26747,0.17789,0.55464
10272,0.26696,0.17783,0.55521
10288,0.26645,0.17777,0.55578
10304,0.26594,0.17771,0.55635
10320,0.26543,0.17765,0.55692
10336,0.26492,0.17759,0.55749
10352,0.26441,0.17753,0.55807
10368,0.26389,0.17747,0.55864
10384,0.26338,0.17741,0.55921
10400,0.26287,0.17735,0.55978
10416,0.26236,0.17729,0.56035
10432,0.26185,0.17723,0.56092
10448,0.26134,0.17717,0.56149
10464,0.26083,0.17711,0.56206
10480,0.26032,0.17705,0.56264
10496,0.25981,0.17699,0.56321
10512,0.2593,0.17692,0.56378
10528,0.25879,0.17686,0.56435
10544,0.25828,0.1768,0.56492
10560,0.25776,0.17674,0.56549
10576,0.25725,0.17668,0.56606
10592,0.25674,0.17662,0.56663
10608,0.25623,0.17656,0.56721
10624,0.25572,0.1765,0.56778
10640,0.25521,0.17644,0.56835
10656,0.2547,0.17638,0.56892
10672,0.25419,0.17632,0.56949
10688,0.25368,0.17626,0.57006
10704,0.25317,0.1762,0.57063
10720,0.25266,0.17614,0.5712
10736,0.25214,0.17608,0.57178
10752,0.25163,0.17602,0.57235
10768,0.25112,0.17596,0.57292
10784,0.25061,0.1759,0.57349
10800,0.2501,0.17584,0.57406
10816,0.24959,0.17578,0.57463
10832,0.24908,0.17572,0.5752
10848,0.24857,0.17566,0.57577
10864,0.24806,0.1756,0.57635
10880,0.24755,0.17554,0.57692
10896,0.24704,0.17548,0.57749
10912,0.24653,0.17541,0.57806
10928,0.24601,0.17535,0.57863
10944,0.2455,0.17529,0.5792
10960,0.24499,0.17523,0.57977
10976,0.24448,0.17517,0.58034
10992,0.24397,0.17511,0.58092
11008,0.24346,0.17505,0.58149
11024,0.24295,0.17499,0.58206
11040,0.24244,0.17493,0.58263
11056,0.24193,0.17487,0.5832
11072,0.24142,0.17481,0.58377
11088,0.24091,0.17475,0.58434
11104,0.2404,0.17469,0.58492
11120,0.23988,0.17463,0.58549
11136,0.23937,0.17457,0.58606
11152,0.23886,0.17451,0.58663
11168,0.23835,0.17445,0.5872
11184,0.23784,0.17439,0.58777
11200,0.23733,0.17433,0.58834
11216,0.23682,0.17427,0.58891
11232,0.23631,0.17421,0.58949
11248,0.2358,0.17415,0.59006
11264,0.23529,0.17409,0.59063
11280,0.23478,0.17403,0.5912
11296,0.23426,0.17397,0.59177
11312,0.23375,0.1739,0.59234
11328,0.23324,0.17384,0.59291
11344,0.23273,0.17378,0.59348
11360,0.23222,0.17372,0.59406
11376,0.23171,0.17366,0.59463
11392,0.2312,0.1736,0.5952
11408,0.23069,0.17354,0.59577
11424,0.23018,0.17348,0.59634
11440,0.22967,0.17342,0.59691
11456,0.22919,0.17335,0.59746
11472,0.22875,0.17327,0.59798
11488,0.22831,0.17318,0.5985
11504,0.22788,0.1731,0.59902
11520,0.22744,0.17302,0.59954
11536,0.227,0.17293,0.60006
11552,0.22657,0.17285,0.60059
11568,0.22613,0.17276,0.60111
11584,0.22569,0.17268,0.60163
11600,0.22525,0.1726,0.60215
11616,0.22482,0.17251,0.60267
11632,0.22438,0.17243,0.60319
11648,0.22394,0.17235,0.60371
11664,0.2235,0.17226,0.60423
11680,0.22307,0.17218,0.60475
11696,0.22263,0.1721,0.60527
11712,0.22219,0.17201,0.6058
11728,0.22176,0.17193,0.60632
11744,0.22132,0.17184,0.60684
11760,0.22088,0.17176,0.60736
11776,0.22044,0.17168,0.60788
11792,0.22001,0.17159,0.6084
11808,0.21957,0.17151,0.60892
11824,0.21913,0.17143,0.60944
11840,0.2187,0.17134,0.60996
11856,0.21826,0.17126,0.61048
11872,0.21782,0.17118,0.611
11888,0.21738,0.17109,0.61153
11904,0.21695,0.17101,0.61205
11920,0.21651,0.17092,0.61257
11936,0.21607,0.17084,0.61309
11952,0.21563,0.17076,0.61361
11968,0.2152,0.17067,0.61413
11984,0.21476,0.17059,0.61465
12000,0.21432,0.17051,0.61517
12016,0.21389,0.17042,0.61569
12032,0.21345,0.17034,0.61621
12048,0.21301,0.17025,0.61673
12064,0.21257,0.17017,0.61726
12080,0.21214,0.17009,0.61778
12096,0.2117,0.17,0.6183
12112,0.21126,0.16992,0.61882
12128,0.21082,0.16984,0.61934
12144,0.21039,0.16975,0.61986
12160,0.20995,0.16967,0.62038
12176,0.20951,0.16959,0.6209
12192,0.20908,0.1695,0.62142
12208,0.20864,0.16942,0.62194
12224,0.2082,0.16933,0.62246
12240,0.20776,0.16925,0.62299
12256,0.20733,0.16917,0.62351
12272,0.20689,0.16908,0.62403
12288,0.20645,0.169,0.62455
12304,0.20602,0.16892,0.62507
12320,0.20558,0.16883,0.62559
12336,0.20514,0.16875,0.62611
12352,0.2047,0.16866,0.62663
12368,0.20427,0.16858,0.62715
12384,0.20383,0.1685,0.62767
12400,0.20339,0.16841,0.62819
12416,0.20295,0.16833,0.62872
12432,0.20252,0.16825,0.62924
12448,0.20208,0.16816,0.62976
12464,0.20164,0.16808,0.63028
12480,0.20121,0.168,0.6308
12496,0.20077,0.16791,0.63132
12512,0.20033,0.16783,0.63184
12528,0.19989,0.16774,0.63236
12544,0.19946,0.16766,0.63288
12560,0.19902,0.16758,0.6334
12576,0.19858,0.16749,0.63392
12592,0.19814,0.16741,0.63445
12608,0.19771,0.16733,0.63497
12624,0.19727,0.16724,0.63549
12640,0.19683,0.16716,0.63601
12656,0.1964,0.16707,0.63653
12672,0.19602,0.16698,0.63701
12688,0.19564,0.16688,0.63748
12704,0.19527,0.16678,0.63796
12720,0.19489,0.16668,0.63843
12736,0.19452,0.16658,0.63891
12752,0.19414,0.16648,0.63938
12768,0.19377,0.16638,0.63985
12784,0.1934,0.16627,0.64033
12800,0.19302,0.16617,0.6408
12816,0.19265,0.16607,0.64128
12832,0.19227,0.16597,0.64175
12848,0.1919,0.16587,0.64223
12864,0.19153,0.16577,0.6427
12880,0.19115,0.16567,0.64317
12896,0.19078,0.16557,0.64365
12912,0.1904,0.16547,0.64412
12928,0.19003,0.16537,0.6446
12944,0.18966,0.16527,0.64507
12960,0.18928,0.16517,0.64554
12976,0.18891,0.16507,0.64602
12992,0.18853,0.16497,0.64649
13008,0.18816,0.16487,0.64697
13024,0.18779,0.16477,0.64744
13040,0.18741,0.16467,0.64792
13056,0.18704,0.16457,0.64839
13072,0.18666,0.16447,0.64886
13088,0.18629,0.16437,0.64934
13104,0.18592,0.16427,0.64981
13120,0.18554,0.16417,0.65029
13136,0.18517,0.16407,0.65076
13152,0.18479,0.16397,0.65124
13168,0.18442,0.16387,0.65171
13184,0.18405,0.16377,0.65218
13200,0.18367,0.16367,0.65266
13216,0.1833,0.16357,0.65313
13232,0.18292,0.16347,0.65361
13248,0.18255,0.16337,0.65408
13264,0.18218,0.16327,0.65456
13280,0.1818,0.16317,0.65503
13296,0.18143,0.16307,0.6555
13312,0.18105,0.16297,0.65598
13328,0.18068,0.16287,0.65645
13344,0.18031,0.16277,0.65693
13360,0.17993,0.16267,0.6574
13376,0.17956,0.16257,0.65788
13392,0.17918,0.16247,0.65835
13408,0.17881,0.16237,0.65882
13424,0.17844,0.16227,0.6593
13440,0.17806,0.16217,0.65977
13456,0.17769,0.16207,0.66025
13472,0.17731,0.16197,0.66072
13488,0.17694,0.16187,0.66119
13504,0.17657,0.16177,0.66167
13520,0.17619,0.16167,0.66214
13536,0.17582,0.16156,0.66262
13552,0.17544,0.16146,0.66309
13568,0.17507,0.16136,0.66357
13584,0.1747,0.16126,0.66404
13600,0.17432,0.16116,0.66451
13616,0.17395,0.16106,0.66499
13632,0.17357,0.16096,0.66546
13648,0.1732,0.16086,0.66594
13664,0.17283,0.16076,0.66641
13680,0.17245,0.16066,0.66689
13696,0.17208,0.16056,0.66736
13712,0.1717,0.16046,0.66783
13728,0.17133,0.16036,0.66831
13744,0.17096,0.16026,0.66878
13760,0.17058,0.16016,0.66926
13776,0.17021,0.16006,0.66973
13792,0.16983,0.15996,0.67021
13808,0.16946,0.15986,0.67068
13824,0.16909,0.15976,0.67115
13840,0.16871,0.15966,0.67163
13856,0.16834,0.15956,0.6721
13872,0.16798,0.15946,0.67256
13888,0.16766,0.15935,0.67299
13904,0.16734,0.15924,0.67342
13920,0.16702,0.15912,0.67385
13936,0.1667,0.15901,0.67429
13952,0.16638,0.1589,0.67472
13968,0.16606,0.15879,0.67515
13984,0.16574,0.15868,0.67558
14000,0.16542,0.15857,0.67601
14016,0.1651,0.15846,0.67644
14032,0.16478,0.15835,0.67687
14048,0.16446,0.15824,0.6773
14064,0.16414,0.15813,0.67773
14080,0.16382,0.15802,0.67816
14096,0.1635,0.15791,0.6786
14112,0.16318,0.15779,0.67903
14128,0.16286,0.15768,0.67946
14144,0.16254,0.15757,0.67989
14160,0.16222,0.15746,0.68032
14176,0.1619,0.15735,0.68075
14192,0.16158,0.15724,0.68118
14208,0.16126,0.15713,0.68161
14224,0.16094,0.15702,0.68204
14240,0.16062,0.15691,0.68247
14256,0.1603,0.1568,0.6829
14272,0.15998,0.15669,0.68334
14288,0.15966,0.15658,0.68377
14304,0.15934,0.15647,0.6842
14320,0.15902,0.15635,0.68463
14336,0.1587,0.15624,0.68506
14352,0.15838,0.15613,0.68549
14368,0.15806,0.15602,0.68592
14384,0.15774,0.15591,0.68635
14400,0.15742,0.1558,0.68678
14416,0.1571,0.15569,0.68721
14432,0.15678,0.15558,0.68765
14448,0.15646,0.15547,0.68808
14464,0.15614,0.15536,0.68851
14480,0.15582,0.15525,0.68894
14496,0.1555,0.15514,0.68937
14512,0.15518,0.15502,0.6898
14528,0.15485,0.15491,0.69023
14544,0.15453,0.1548,0.69066
14560,0.15421,0.15469,0.69109
14576,0.15389,0.15458,0.69152
14592,0.15357,0.15447,0.69196
14608,0.15325,0.15436,0.69239
14624,0.15293,0.15425,0.69282
14640,0.15261,0.15414,0.69325
14656,0.15229,0.15403,0.69368
14672,0.15197,0.15392,0.69411
14688,0.15165,0.15381,0.69454
14704,0.15133,0.1537,0.69497
14720,0.15101,0.15358,0.6954
14736,0.15069,0.15347,0.69583
14752,0.15037,0.15336,0.69626
14768,0.15005,0.15325,0.6967
14784,0.14973,0.15314,0.69713
14800,0.14941,0.15303,0.69756
14816,0.14909,0.15292,0.69799
14832,0.14877,0.15281,0.69842
14848,0.14845,0.1527,0.69885
14864,0.14813,0.15259,0.69928
14880,0.14781,0.15248,0.69971
14896,0.14749,0.15237,0.70014
14912,0.14717,0.15225,0.70057
14928,0.14685,0.15214,0.70101
14944,0.14653,0.15203,0.70144
14960,0.14621,0.15192,0.70187
14976,0.14589,0.15181,0.7023
14992,0.14557,0.1517,0.70273
15008,0.14525,0.15159,0.70316
15024,0.14493,0.15148,0.70359
15040,0.14461,0.15137,0.70402
15056,0.14429,0.15126,0.70445
15072,0.14397,0.15115,0.70488
15088,0.14369,0.15103,0.70528
15104,0.14342,0.15091,0.70567
15120,0.14314,0.1508,0.70606
15136,0.14287,0.15068,0.70645
15152,0.1426,0.15056,0.70684
15168,0.14233,0.15045,0.70722
15184,0.14206,0.15033,0.70761
15200,0.14179,0.15021,0.708
15216,0.14151,0.1501,0.70839
15232,0.14124,0.14998,0.70878
15248,0.14097,0.14986,0.70917
15264,0.1407,0.14975,0.70956
15280,0.14043,0.14963,0.70994
15296,0.14015,0.14951,0.71033
15312,0.13988,0.1494,0.71072
15328,0.13961,0.14928,0.71111
15344,0.13934,0.14916,0.7115
15360,0.13907,0.14905,0.71189
15376,0.1388,0.14893,0.71228
15392,0.13852,0.14881,0.71266
15408,0.13825,0.14869,0.71305
15424,0.13798,0.14858,0.71344
15440,0.13771,0.14846,0.71383
15456,0.13744,0.14834,0.71422
15472,0.13716,0.14823,0.71461
15488,0.13689,0.14811,0.715
15504,0.13662,0.14799,0.71538
15520,0.13635,0.14788,0.71577
15536,0.13608,0.14776,0.71616
15552,0.13581,0.14764,0.71655
15568,0.13553,0.14753,0.71694
15584,0.13526,0.14741,0.71733
15600,0.13499,0.14729,0.71772
15616,0.13472,0.14718,0.71811
15632,0.13445,0.14706,0.71849
15648,0.13417,0.14694,0.71888
15664,0.1339,0.14683,0.71927
15680,0.13363,0.14671,0.71966
15696,0.13336,0.14659,0.72005
15712,0.13309,0.14648,0.72044
15728,0.13282,0.14636,0.72083
15744,0.13254,0.14624,0.72121
15760,0.13227,0.14613,0.7216
15776,0.132,0.14601,0.72199
15792,0.13173,0.14589,0.72238
15808,0.13146,0.14577,0.72277
15824,0.13119,0.14566,0.72316
15840,0.13091,0.14554,0.72355
15856,0.13064,0.14542,0.72393
15872,0.13037,0.14531,0.72432
15888,0.1301,0.14519,0.72471
15904,0.12983,0.14507,0.7251
15920,0.12955,0.14496,0.72549
15936,0.12928,0.14484,0.72588
15952,0.12901,0.14472,0.72627
15968,0.12874,0.14461,0.72665
15984,0.12847,0.14449,0.72704
16000,0.1282,0.14437,0.72743
16016,0.12792,0.14426,0.72782
16032,0.12765,0.14414,0.72821
16048,0.12738,0.14402,0.7286
16064,0.12711,0.14391,0.72899
16080,0.12684,0.14379,0.72937
16096,0.12656,0.14367,0.72976
16112,0.12629,0.14356,0.73015
16128,0.12602,0.14344,0.73054
16144,0.12575,0.14332,0.73093
16160,0.12548,0.1432,0.73132
16176,0.12521,0.14309,0.73171
16192,0.12493,0.14297,0.73209
16208,0.12466,0.14285,0.73248
16224,0.12439,0.14274,0.73287
16240,0.12412,0.14262,0.73326
16256,0.12385,0.1425,0.73365
16272,0.12357,0.14239,0.73404
16288,0.1233,0.14227,0.73443
16304,0.12303,0.14215,0.73481
16320,0.12276,0.14204,0.7352
16336,0.12249,0.14192,0.73559
16352,0.12222,0.1418,0.73598
16368,0.12194,0.14169,0.73637
16384,0.12167,0.14157,0.73676
16400,0.1214,0.14145,0.73715
16416,0.12113,0.14134,0.73754
16432,0.12086,0.14122,0.73792
16448,0.12062,0.1411,0.73828
16464,0.12039,0.14098,0.73863
16480,0.12016,0.14086,0.73898
16496,0.11993,0.14074,0.73933
16512,0.1197,0.14062,0.73967
16528,0.11948,0.1405,0.74002
16544,0.11925,0.14038,0.74037
16560,0.11902,0.14026,0.74072
16576,0.11879,0.14014,0.74107
16592,0.11856,0.14002,0.74141
16608,0.11834,0.1399,0.74176
16624,0.11811,0.13978,0.74211
16640,0.11788,0.13966,0.74246
16656,0.11765,0.13954,0.7428
16672,0.11742,0.13943,0.74315
16688,0.11719,0.13931,0.7435
16704,0.11697,0.13919,0.74385
16720,0.11674,0.13907,0.7442
16736,0.11651,0.13895,0.74454
16752,0.11628,0.13883,0.74489
16768,0.11605,0.13871,0.74524
16784,0.11583,0.13859,0.74559
16800,0.1156,0.13847,0.74593
16816,0.11537,0.13835,0.74628
16832,0.11514,0.13823,0.74663
16848,0.11491,0.13811,0.74698
16864,0.11469,0.13799,0.74732
16880,0.11446,0.13787,0.74767
16896,0.11423,0.13775,0.74802
16912,0.114,0.13763,0.74837
16928,0.11377,0.13751,0.74872
16944,0.11355,0.13739,0.74906
16960,0.11332,0.13727,0.74941
16976,0.11309,0.13715,0.74976
16992,0.11286,0.13703,0.75011
17008,0.11263,0.13691,0.75045
17024,0.1124,0.13679,0.7508
17040,0.11218,0.13667,0.75115
17056,0.11195,0.13655,0.7515
17072,0.11172,0.13643,0.75185
17088,0.11149,0.13631,0.75219
17104,0.11126,0.13619,0.75254
17120,0.11104,0.13608,0.75289
17136,0.11081,0.13596,0.75324
17152,0.11058,0.13584,0.75358
17168,0.11035,0.13572,0.75393
17184,0.11012,0.1356,0.75428
17200,0.1099,0.13548,0.75463
17216,0.10967,0.13536,0.75497
17232,0.10944,0.13524,0.75532
17248,0.10921,0.13512,0.75567
17264,0.10898,0.135,0.75602
17280,0.10876,0.13488,0.75637
17296,0.10853,0.13476,0.75671
17312,0.1083,0.13464,0.75706
17328,0.10807,0.13452,0.75741
17344,0.10784,0.1344,0.75776
17360,0.10762,0.13428,0.7581
17376,0.10739,0.13416,0.75845
17392,0.10716,0.13404,0.7588
17408,0.10693,0.13392,0.75915
17424,0.1067,0.1338,0.7595
17440,0.10647,0.13368,0.75984
17456,0.10625,0.13356,0.76019
17472,0.10602,0.13344,0.76054
17488,0.10579,0.13332,0.76089
17504,0.10556,0.1332,0.76123
17520,0.10533,0.13308,0.76158
17536,0.10511,0.13296,0.76193
17552,0.10488,0.13284,0.76228
17568,0.10465,0.13272,0.76262
17584,0.10442,0.13261,0.76297
17600,0.10419,0.13249,0.76332
17616,0.10397,0.13237,0.76367
17632,0.10374,0.13225,0.76402
17648,0.10351,0.13213,0.76436
17664,0.10328,0.13201,0.76471
17680,0.10305,0.13189,0.76506
17696,0.10283,0.13177,0.76541
17712,0.1026,0.13165,0.76575
17728,0.10237,0.13153,0.7661
17744,0.10214,0.13141,0.76645
17760,0.10191,0.13129,0.7668
17776,0.10169,0.13117,0.76715
17792,0.10146,0.13105,0.76749
17808,0.10125,0.13093,0.76782
17824,0.10106,0.13081,0.76813
17840,0.10087,0.13069,0.76844
17856,0.10068,0.13057,0.76875
17872,0.10049,0.13045,0.76906
17888,0.1003,0.13033,0.76937
17904,0.1001,0.13021,0.76968
17920,0.099913,0.13009,0.76999
17936,0.099722,0.12997,0.7703
17952,0.099531,0.12985,0.77061
17968,0.099339,0.12974,0.77093
17984,0.099148,0.12962,0.77124
18000,0.098957,0.1295,0.77155
18016,0.098766,0.12938,0.77186
18032,0.098575,0.12926,0.77217
18048,0.098383,0.12914,0.77248
18064,0.098192,0.12902,0.77279
18080,0.098001,0.1289,0.7731
18096,0.09781,0.12878,0.77341
18112,0.097619,0.12866,0.77372
18128,0.097427,0.12854,0.77403
18144,0.097236,0.12842,0.77434
18160,0.097045,0.1283,0.77465
18176,0.096854,0.12818,0.77496
18192,0.096663,0.12806,0.77528
18208,0.096471,0.12794,0.77559
18224,0.09628,0.12782,0.7759
18240,0.096089,0.1277,0.77621
18256,0.095898,0.12758,0.77652
18272,0.095707,0.12746,0.77683
18288,0.095515,0.12735,0.77714
18304,0.095324,0.12723,0.77745
18320,0.095133,0.12711,0.77776
18336,0.094942,0.12699,0.77807
18352,0.094751,0.12687,0.77838
18368,0.094559,0.12675,0.77869
18384,0.094368,0.12663,0.779
18400,0.094177,0.12651,0.77931
18416,0.093986,0.12639,0.77963
18432,0.093795,0.12627,0.77994
18448,0.093603,0.12615,0.78025
18464,0.093412,0.12603,0.78056
18480,0.093221,0.12591,0.78087
18496,0.09303,0.12579,0.78118
18512,0.092839,0.12567,0.78149
18528,0.092647,0.12555,0.7818
18544,0.092456,0.12543,0.78211
18560,0.092265,0.12531,0.78242
18576,0.092074,0.12519,0.78273
18592,0.091883,0.12507,0.78304
18608,0.091691,0.12495,0.78335
18624,0.0915,0.12484,0.78366
18640,0.091309,0.12472,0.78398
18656,0.091118,0.1246,0.78429
18672,0.090927,0.12448,0.7846
18688,0.090735,0.12436,0.78491
18704,0.090544,0.12424,0.78522
18720,0.090353,0.12412,0.78553
18736,0.090162,0.124,0.78584
18752,0.089971,0.12388,0.78615
18768,0.089779,0.12376,0.78646
18784,0.089588,0.12364,0.78677
18800,0.089397,0.12352,0.78708
18816,0.089206,0.1234,0.78739
18832,0.089015,0.12328,0.7877
18848,0.088823,0.12316,0.78801
18864,0.088632,0.12304,0.78833
18880,0.088441,0.12292,0.78864
18896,0.08825,0.1228,0.78895
18912,0.088059,0.12268,0.78926
18928,0.087867,0.12256,0.78957
18944,0.087676,0.12245,0.78988
18960,0.087485,0.12233,0.79019
18976,0.087294,0.12221,0.7905
18992,0.087103,0.12209,0.79081
19008,0.086911,0.12197,0.79112
19024,0.08672,0.12185,0.79143
19040,0.086529,0.12173,0.79174
19056,0.086338,0.12161,0.79205
19072,0.086147,0.12149,0.79236
19088,0.085955,0.12137,0.79267
19104,0.085764,0.12125,0.79299
19120,0.085573,0.12113,0.7933
19136,0.085382,0.12101,0.79361
19152,0.085191,0.12089,0.79392
19168,0.085015,0.12077,0.79421
19184,0.084855,0.12066,0.79449
19200,0.084694,0.12054,0.79477
19216,0.084534,0.12042,0.79504
19232,0.084373,0.12031,0.79532
19248,0.084213,0.12019,0.7956
19264,0.084052,0.12007,0.79587
19280,0.083892,0.11996,0.79615
19296,0.083731,0.11984,0.79643
19312,0.083571,0.11972,0.79671
19328,0.08341,0.11961,0.79698
19344,0.08325,0.11949,0.79726
19360,0.083089,0.11937,0.79754
19376,0.082929,0.11926,0.79781
19392,0.082768,0.11914,0.79809
19408,0.082608,0.11902,0.79837
19424,0.082447,0.11891,0.79865
19440,0.082287,0.11879,0.79892
19456,0.082126,0.11867,0.7992
19472,0.081966,0.11856,0.79948
19488,0.081806,0.11844,0.79976
19504,0.081645,0.11832,0.80003
19520,0.081485,0.11821,0.80031
19536,0.081324,0.11809,0.80059
19552,0.081164,0.11797,0.80086
19568,0.081003,0.11786,0.80114
19584,0.080843,0.11774,0.80142
19600,0.080682,0.11762,0.8017
19616,0.080522,0.11751,0.80197
19632,0.080361,0.11739,0.80225
19648,0.080201,0.11727,0.80253
19664,0.08004,0.11716,0.8028
19680,0.07988,0.11704,0.80308
19696,0.079719,0.11692,0.80336
19712,0.079559,0.11681,0.80364
19728,0.079398,0.11669,0.80391
19744,0.079238,0.11657,0.80419
19760,0.079077,0.11646,0.80447
19776,0.078917,0.11634,0.80474
19792,0.078756,0.11622,0.80502
19808,0.078596,0.11611,0.8053
19824,0.078436,0.11599,0.80558
19840,0.078275,0.11587,0.80585
19856,0.078115,0.11576,0.80613
19872,0.077954,0.11564,0.80641
19888,0.077794,0.11552,0.80668
19904,0.077633,0.11541,0.80696
19920,0.077473,0.11529,0.80724
19936,0.077312,0.11517,0.80752
19952,0.077152,0.11505,0.80779
19968,0.076991,0.11494,0.80807
19984,0.076831,0.11482,0.80835
20000,0.07667,0.1147,0.80862
20016,0.07651,0.11459,0.8089
20032,0.076349,0.11447,0.80918
20048,0.076189,0.11435,0.80946
20064,0.076028,0.11424,0.80973
20080,0.075868,0.11412,0.81001
20096,0.075707,0.114,0.81029
20112,0.075547,0.11389,0.81057
20128,0.075387,0.11377,0.81084
20144,0.075226,0.11365,0.81112
20160,0.075066,0.11354,0.8114
20176,0.074905,0.11342,0.81167
20192,0.074745,0.1133,0.81195
20208,0.074584,0.11319,0.81223
20224,0.074424,0.11307,0.81251
20240,0.074263,0.11295,0.81278
20256,0.074103,0.11284,0.81306
20272,0.073942,0.11272,0.81334
20288,0.073782,0.1126,0.81361
20304,0.073621,0.11249,0.81389
20320,0.073461,0.11237,0.81417
20336,0.0733,0.11225,0.81445
20352,0.07314,0.11214,0.81472
20368,0.072979,0.11202,0.815
20384,0.072819,0.1119,0.81528
20400,0.072658,0.11179,0.81555
20416,0.072498,0.11167,0.81583
20432,0.072337,0.11155,0.81611
20448,0.072177,0.11144,0.81639
20464,0.072017,0.11132,0.81666
20480,0.071856,0.1112,0.81694
20496,0.071696,0.11109,0.81722
20512,0.071535,0.11097,0.81749
20528,0.071386,0.11086,0.81776
20544,0.071252,0.11074,0.818
20560,0.071118,0.11063,0.81825
20576,0.070984,0.11052,0.81849
20592,0.070851,0.11041,0.81874
20608,0.070717,0.1103,0.81899
20624,0.070583,0.11019,0.81923
20640,0.070449,0.11007,0.81948
20656,0.070316,0.10996,0.81972
20672,0.070182,0.10985,0.81997
20688,0.070048,0.10974,0.82021
20704,0.069914,0.10963,0.82046
20720,0.069781,0.10952,0.8207
20736,0.069647,0.1094,0.82095
20752,0.069513,0.10929,0.82119
20768,0.069379,0.10918,0.82144
20784,0.069246,0.10907,0.82168
20800,0.069112,0.10896,0.82193
20816,0.068978,0.10885,0.82218
20832,0.068844,0.10873,0.82242
20848,0.068711,0.10862,0.82267
20864,0.068577,0.10851,0.82291
20880,0.068443,0.1084,0.82316
20896,0.068309,0.10829,0.8234
20912,0.068176,0.10818,0.82365
20928,0.068042,0.10806,0.82389
20944,0.067908,0.10795,0.82414
20960,0.067775,0.10784,0.82438
20976,0.067641,0.10773,0.82463
20992,0.067507,0.10762,0.82487
21008,0.067373,0.10751,0.82512
21024,0.06724,0.1074,0.82537
21040,0.067106,0.10728,0.82561
21056,0.066972,0.10717,0.82586
21072,0.066838,0.10706,0.8261
21088,0.066705,0.10695,0.82635
21104,0.066571,0.10684,0.82659
21120,0.066437,0.10673,0.82684
21136,0.066303,0.10661,0.82708
21152,0.06617,0.1065,0.82733
21168,0.066036,0.10639,0.82757
21184,0.065902,0.10628,0.82782
21200,0.065768,0.10617,0.82806
21216,0.065635,0.10606,0.82831
21232,0.065501,0.10594,0.82856
21248,0.065367,0.10583,0.8288
21264,0.065233,0.10572,0.82905
21280,0.0651,0.10561,0.82929
21296,0.064966,0.1055,0.82954
21312,0.064832,0.10539,0.82978
21328,0.064698,0.10527,0.83003
21344,0.064565,0.10516,0.83027
21360,0.064431,0.10505,0.83052
21376,0.064297,0.10494,0.83076
21392,0.064163,0.10483,0.83101
21408,0.06403,0.10472,0.83125
21424,0.063896,0.1046,0.8315
21440,0.063762,0.10449,0.83174
21456,0.063628,0.10438,0.83199
21472,0.063495,0.10427,0.83224
21488,0.063361,0.10416,0.83248
21504,0.063227,0.10405,0.83273
21520,0.063093,0.10393,0.83297
21536,0.06296,0.10382,0.83322
21552,0.062826,0.10371,0.83346
21568,0.062692,0.1036,0.83371
21584,0.062559,0.10349,0.83395
21600,0.062425,0.10338,0.8342
21616,0.062291,0.10326,0.83444
21632,0.062157,0.10315,0.83469
21648,0.062024,0.10304,0.83493
21664,0.06189,0.10293,0.83518
