time,state_0,state_1,state_2
16.0,0.997984,0.000895,0.001121
32.0,0.995997,0.001729,0.002274
48.0,0.993874,0.002629,0.003497
64.0,0.991758,0.003541,0.004701
80.0,0.989762,0.004375,0.005863
96.0,0.987704,0.005247,0.007049
112.0,0.985688,0.006103,0.008209
128.0,0.983633,0.007006,0.009361
144.0,0.981641,0.007866,0.010493
160.0,0.979638,0.008728,0.011634
176.0,0.977637,0.009566,0.012797
192.0,0.97563,0.010424,0.013946
208.0,0.973649,0.011268,0.015083
224.0,0.971619,0.012092,0.016289
240.0,0.969675,0.012941,0.017384
256.0,0.967665,0.013769,0.018566
272.0,0.965643,0.01463,0.019727
288.0,0.963676,0.015431,0.020893
304.0,0.961755,0.016224,0.022021
320.0,0.959724,0.017067,0.023209
336.0,0.957744,0.017869,0.024387
352.0,0.95574,0.018714,0.025546
368.0,0.953803,0.019523,0.026674
384.0,0.951857,0.02027,0.027873
400.0,0.949892,0.021056,0.029052
416.0,0.947902,0.021849,0.030249
432.0,0.945988,0.022652,0.03136
448.0,0.944033,0.023447,0.03252
464.0,0.942117,0.0242,0.033683
480.0,0.940206,0.025013,0.034781
496.0,0.93829,0.025796,0.035914
512.0,0.93636,0.026584,0.037056
528.0,0.934447,0.027368,0.038185
544.0,0.932494,0.028187,0.039319
560.0,0.930584,0.028976,0.04044
576.0,0.928715,0.029753,0.041532
592.0,0.926844,0.030507,0.042649
608.0,0.924904,0.031324,0.043772
624.0,0.923004,0.032134,0.044862
640.0,0.921015,0.032948,0.046037
656.0,0.919132,0.033724,0.047144
672.0,0.917245,0.034453,0.048302
688.0,0.91537,0.035221,0.049409
704.0,0.913588,0.035927,0.050485
720.0,0.911662,0.036712,0.051626
736.0,0.909794,0.037472,0.052734
752.0,0.907921,0.038237,0.053842
768.0,0.905992,0.039049,0.054959
784.0,0.904202,0.039726,0.056072
800.0,0.902291,0.04052,0.057189
816.0,0.900482,0.041277,0.058241
832.0,0.898633,0.042012,0.059355
848.0,0.896785,0.042763,0.060452
864.0,0.894995,0.043465,0.06154
880.0,0.893166,0.044224,0.06261
896.0,0.891418,0.044935,0.063647
912.0,0.88954,0.045672,0.064788
928.0,0.887726,0.046343,0.065931
944.0,0.885898,0.047068,0.067034
960.0,0.884121,0.047754,0.068125
976.0,0.882276,0.048461,0.069263
992.0,0.880473,0.049122,0.070405
1008.0,0.878679,0.049869,0.071452
1024.0,0.876916,0.050547,0.072537
1040.0,0.875119,0.051251,0.07363
1056.0,0.873316,0.051943,0.074741
1072.0,0.871565,0.052567,0.075868
1088.0,0.869776,0.053259,0.076965
1104.0,0.868028,0.053936,0.078036
1120.0,0.866367,0.054547,0.079086
1136.0,0.864581,0.055237,0.080182
1152.0,0.862735,0.055939,0.081326
1168.0,0.860979,0.056598,0.082423
1184.0,0.859221,0.057298,0.083481
1200.0,0.857407,0.058019,0.084574
1216.0,0.855663,0.058681,0.085656
1232.0,0.853957,0.059313,0.08673
1248.0,0.852144,0.06003,0.087826
1264.0,0.850352,0.060717,0.088931
1280.0,0.848554,0.06141,0.090036
1296.0,0.846818,0.062091,0.091091
1312.0,0.844994,0.062763,0.092243
1328.0,0.843265,0.063465,0.09327
1344.0,0.841591,0.064071,0.094338
1360.0,0.839898,0.064694,0.095408
1376.0,0.838191,0.065308,0.096501
1392.0,0.836437,0.065969,0.097594
1408.0,0.83471,0.066621,0.098669
1424.0,0.832996,0.067282,0.099722
1440.0,0.83124,0.067925,0.100835
1456.0,0.829529,0.068519,0.101952
1472.0,0.827906,0.069143,0.102951
1488.0,0.826121,0.06983,0.104049
1504.0,0.824408,0.070478,0.105114
1520.0,0.822751,0.071076,0.106173
1536.0,0.821136,0.07166,0.107204
1552.0,0.81951,0.072256,0.108234
1568.0,0.817831,0.072861,0.109308
1584.0,0.816149,0.073502,0.110349
1600.0,0.814506,0.074067,0.111427
1616.0,0.812818,0.074656,0.112526
1632.0,0.811065,0.075291,0.113644
1648.0,0.809452,0.075897,0.114651
1664.0,0.807817,0.076531,0.115652
1680.0,0.806171,0.077076,0.116753
1696.0,0.804449,0.077723,0.117828
1712.0,0.802868,0.078236,0.118896
1728.0,0.801145,0.07887,0.119985
1744.0,0.799543,0.079435,0.121022
1760.0,0.797913,0.080019,0.122068
1776.0,0.796229,0.080638,0.123133
1792.0,0.794641,0.08123,0.124129
1808.0,0.792984,0.081815,0.125201
1824.0,0.791328,0.082393,0.126279
1840.0,0.789728,0.082904,0.127368
1856.0,0.78807,0.083482,0.128448
1872.0,0.786447,0.084058,0.129495
1888.0,0.784876,0.084592,0.130532
1904.0,0.78321,0.0852,0.13159
1920.0,0.781644,0.085748,0.132608
1936.0,0.779986,0.086316,0.133698
1952.0,0.778355,0.086892,0.134753
1968.0,0.776778,0.087438,0.135784
1984.0,0.775197,0.087989,0.136814
2000.0,0.77357,0.088557,0.137873
2016.0,0.772042,0.089095,0.138863
2032.0,0.770474,0.089603,0.139923
2048.0,0.768842,0.090188,0.14097
2064.0,0.767298,0.090691,0.142011
2080.0,0.7657,0.091208,0.143092
2096.0,0.764047,0.091781,0.144172
2112.0,0.762476,0.092298,0.145226
2128.0,0.761018,0.092842,0.14614
2144.0,0.759485,0.093348,0.147167
2160.0,0.75793,0.093888,0.148182
2176.0,0.756372,0.094395,0.149233
2192.0,0.754849,0.094859,0.150292
2208.0,0.753309,0.095374,0.151317
2224.0,0.751806,0.095887,0.152307
2240.0,0.750249,0.096392,0.153359
2256.0,0.748613,0.096942,0.154445
2272.0,0.74707,0.097483,0.155447
2288.0,0.745517,0.097978,0.156505
2304.0,0.744036,0.098482,0.157482
2320.0,0.742456,0.098998,0.158546
2336.0,0.740976,0.099481,0.159543
2352.0,0.739424,0.099988,0.160588
2368.0,0.737925,0.100505,0.16157
2384.0,0.736408,0.100977,0.162615
2400.0,0.73484,0.10149,0.16367
2416.0,0.733318,0.10203,0.164652
2432.0,0.73181,0.102518,0.165672
2448.0,0.730264,0.103021,0.166715
2464.0,0.728765,0.103515,0.16772
2480.0,0.727256,0.104039,0.168705
2496.0,0.725738,0.104505,0.169757
2512.0,0.72417,0.10504,0.17079
2528.0,0.722623,0.105513,0.171864
2544.0,0.721162,0.105964,0.172874
2560.0,0.719656,0.106462,0.173882
2576.0,0.718185,0.106911,0.174904
2592.0,0.716761,0.10734,0.175899
2608.0,0.715294,0.107819,0.176887
2624.0,0.713817,0.108276,0.177907
2640.0,0.712382,0.108748,0.17887
2656.0,0.710896,0.109208,0.179896
2672.0,0.709443,0.109641,0.180916
2688.0,0.707936,0.110124,0.18194
2704.0,0.706463,0.110582,0.182955
2720.0,0.704993,0.111046,0.183961
2736.0,0.703602,0.111445,0.184953
2752.0,0.702189,0.111874,0.185937
2768.0,0.700731,0.112307,0.186962
2784.0,0.699255,0.112754,0.187991
2800.0,0.697805,0.11319,0.189005
2816.0,0.696423,0.113613,0.189964
2832.0,0.695009,0.114029,0.190962
2848.0,0.693595,0.114485,0.19192
2864.0,0.692153,0.114902,0.192945
2880.0,0.690768,0.115351,0.193881
2896.0,0.689281,0.115826,0.194893
2912.0,0.687837,0.116252,0.195911
2928.0,0.686434,0.116667,0.196899
2944.0,0.685079,0.117077,0.197844
2960.0,0.68364,0.117475,0.198885
2976.0,0.68225,0.117867,0.199883
2992.0,0.680833,0.118277,0.20089
3008.0,0.67945,0.118687,0.201863
3024.0,0.678036,0.119121,0.202843
3040.0,0.676595,0.119569,0.203836
3056.0,0.675208,0.119987,0.204805
3072.0,0.673849,0.120365,0.205786
3088.0,0.672484,0.120769,0.206747
3104.0,0.671092,0.121181,0.207727
3120.0,0.66972,0.121566,0.208714
3136.0,0.668374,0.12195,0.209676
3152.0,0.666972,0.122366,0.210662
3168.0,0.665578,0.122758,0.211664
3184.0,0.664283,0.123078,0.212639
3200.0,0.662987,0.123458,0.213555
3216.0,0.661644,0.123839,0.214517
3232.0,0.660253,0.12424,0.215507
3248.0,0.65894,0.124619,0.216441
3264.0,0.65755,0.125034,0.217416
3280.0,0.656128,0.125462,0.21841
3296.0,0.654774,0.125848,0.219378
3312.0,0.653419,0.12622,0.220361
3328.0,0.65206,0.126601,0.221339
3344.0,0.650739,0.126956,0.222305
3360.0,0.64942,0.127331,0.223249
3376.0,0.648094,0.127661,0.224245
3392.0,0.646754,0.128045,0.225201
3408.0,0.645479,0.128436,0.226085
3424.0,0.644183,0.128775,0.227042
3440.0,0.642845,0.12915,0.228005
3456.0,0.641483,0.129538,0.228979
3472.0,0.640217,0.129892,0.229891
3488.0,0.638866,0.130254,0.23088
3504.0,0.637564,0.130598,0.231838
3520.0,0.636271,0.130954,0.232775
3536.0,0.63496,0.131323,0.233717
3552.0,0.633639,0.131711,0.23465
3568.0,0.632343,0.132065,0.235592
3584.0,0.631022,0.132414,0.236564
3600.0,0.629706,0.132785,0.237509
3616.0,0.628445,0.13312,0.238435
3632.0,0.627117,0.133461,0.239422
3648.0,0.625771,0.133828,0.240401
3664.0,0.624458,0.134176,0.241366
3680.0,0.62318,0.134565,0.242255
3696.0,0.621878,0.134908,0.243214
3712.0,0.620616,0.135261,0.244123
3728.0,0.61937,0.135572,0.245058
3744.0,0.618101,0.135961,0.245938
3760.0,0.616873,0.136244,0.246883
3776.0,0.615608,0.136573,0.247819
3792.0,0.614325,0.136935,0.24874
3808.0,0.613077,0.137249,0.249674
3824.0,0.61181,0.13759,0.2506
3840.0,0.610546,0.137873,0.251581
3856.0,0.609295,0.138189,0.252516
3872.0,0.60806,0.138503,0.253437
3888.0,0.606877,0.138809,0.254314
3904.0,0.605583,0.139125,0.255292
3920.0,0.604355,0.139413,0.256232
3936.0,0.603052,0.13978,0.257168
3952.0,0.601801,0.140067,0.258132
3968.0,0.600533,0.140353,0.259114
3984.0,0.599288,0.140648,0.260064
4000.0,0.598077,0.140969,0.260954
4016.0,0.596818,0.141261,0.261921
4032.0,0.595599,0.141602,0.262799
4048.0,0.594393,0.141917,0.26369
4064.0,0.593189,0.142188,0.264623
4080.0,0.591989,0.142448,0.265563
4096.0,0.590791,0.142729,0.26648
4112.0,0.589567,0.143034,0.267399
4128.0,0.588406,0.143287,0.268307
4144.0,0.587228,0.143563,0.269209
4160.0,0.586059,0.143847,0.270094
4176.0,0.584831,0.144176,0.270993
4192.0,0.583649,0.14445,0.271901
4208.0,0.582391,0.144731,0.272878
4224.0,0.581213,0.145028,0.273759
4240.0,0.58004,0.145304,0.274656
4256.0,0.578865,0.145615,0.27552
4272.0,0.577663,0.145924,0.276413
4288.0,0.576495,0.146204,0.277301
4304.0,0.575371,0.146482,0.278147
4320.0,0.574241,0.14671,0.279049
4336.0,0.573046,0.147011,0.279943
4352.0,0.571886,0.147289,0.280825
4368.0,0.570717,0.147603,0.28168
4384.0,0.569555,0.147874,0.282571
4400.0,0.56835,0.148129,0.283521
4416.0,0.567163,0.148405,0.284432
4432.0,0.565904,0.148735,0.285361
4448.0,0.564775,0.149003,0.286222
4464.0,0.563646,0.149234,0.28712
4480.0,0.5625,0.149482,0.288018
4496.0,0.561343,0.149736,0.288921
4512.0,0.560201,0.149953,0.289846
4528.0,0.55896,0.150228,0.290812
4544.0,0.557842,0.150468,0.29169
4560.0,0.556715,0.150716,0.292569
4576.0,0.55557,0.150944,0.293486
4592.0,0.554426,0.151171,0.294403
4608.0,0.553318,0.151375,0.295307
4624.0,0.552135,0.151621,0.296244
4640.0,0.550982,0.151852,0.297166
4656.0,0.549849,0.152057,0.298094
4672.0,0.548659,0.152295,0.299046
4688.0,0.547508,0.152496,0.299996
4704.0,0.546402,0.15273,0.300868
4720.0,0.545255,0.152966,0.301779
4736.0,0.544124,0.153232,0.302644
4752.0,0.543015,0.153466,0.303519
4768.0,0.541877,0.153659,0.304464
4784.0,0.540782,0.153897,0.305321
4800.0,0.539727,0.154056,0.306217
4816.0,0.538655,0.154264,0.307081
4832.0,0.537519,0.154514,0.307967
4848.0,0.536447,0.15476,0.308793
4864.0,0.535316,0.154986,0.309698
4880.0,0.534208,0.155232,0.31056
4896.0,0.533153,0.155393,0.311454
4912.0,0.53204,0.155613,0.312347
4928.0,0.530994,0.155842,0.313164
4944.0,0.529866,0.156102,0.314032
4960.0,0.528851,0.156308,0.314841
4976.0,0.527731,0.156534,0.315735
4992.0,0.526638,0.156744,0.316618
5008.0,0.525521,0.156955,0.317524
5024.0,0.52445,0.157133,0.318417
5040.0,0.523342,0.157348,0.31931
5056.0,0.522243,0.157574,0.320183
5072.0,0.521099,0.157843,0.321058
5088.0,0.520051,0.158055,0.321894
5104.0,0.51902,0.158244,0.322736
5120.0,0.517979,0.158439,0.323582
5136.0,0.51693,0.158639,0.324431
5152.0,0.515851,0.158854,0.325295
5168.0,0.514797,0.159089,0.326114
5184.0,0.513743,0.159301,0.326956
5200.0,0.51272,0.159548,0.327732
5216.0,0.51169,0.159759,0.328551
5232.0,0.510702,0.159912,0.329386
5248.0,0.509684,0.160086,0.33023
5264.0,0.508639,0.160274,0.331087
5280.0,0.507584,0.160447,0.331969
5296.0,0.506593,0.160629,0.332778
5312.0,0.505609,0.160767,0.333624
5328.0,0.504565,0.161,0.334435
5344.0,0.503485,0.161227,0.335288
5360.0,0.50245,0.161397,0.336153
5376.0,0.501391,0.161596,0.337013
5392.0,0.500366,0.161769,0.337865
5408.0,0.499336,0.161976,0.338688
5424.0,0.498363,0.162104,0.339533
5440.0,0.497327,0.162319,0.340354
5456.0,0.496353,0.16247,0.341177
5472.0,0.495364,0.162622,0.342014
5488.0,0.49434,0.162813,0.342847
5504.0,0.493362,0.162978,0.34366
5520.0,0.492383,0.163113,0.344504
5536.0,0.491371,0.163303,0.345326
5552.0,0.490393,0.163497,0.34611
5568.0,0.489357,0.163665,0.346978
5584.0,0.488328,0.163867,0.347805
5600.0,0.487311,0.16403,0.348659
5616.0,0.486313,0.16422,0.349467
5632.0,0.485309,0.164408,0.350283
5648.0,0.484316,0.164578,0.351106
5664.0,0.483337,0.164755,0.351908
5680.0,0.482335,0.164964,0.352701
5696.0,0.481364,0.165114,0.353522
5712.0,0.480405,0.165272,0.354323
5728.0,0.479346,0.16546,0.355194
5744.0,0.478417,0.165601,0.355982
5760.0,0.477489,0.165777,0.356734
5776.0,0.47652,0.16593,0.35755
5792.0,0.475552,0.166082,0.358366
5808.0,0.47458,0.166263,0.359157
5824.0,0.473638,0.1664,0.359962
5840.0,0.47266,0.166554,0.360786
5856.0,0.471714,0.16666,0.361626
5872.0,0.47071,0.166837,0.362453
5888.0,0.469773,0.166943,0.363284
5904.0,0.468772,0.167125,0.364103
5920.0,0.467809,0.167273,0.364918
5936.0,0.466818,0.16746,0.365722
5952.0,0.465805,0.167632,0.366563
5968.0,0.464842,0.167833,0.367325
5984.0,0.463918,0.167984,0.368098
6000.0,0.462967,0.168167,0.368866
6016.0,0.461945,0.168305,0.36975
6032.0,0.460989,0.168463,0.370548
6048.0,0.46004,0.168633,0.371327
6064.0,0.4591,0.168752,0.372148
6080.0,0.458132,0.168911,0.372957
6096.0,0.45719,0.169042,0.373768
6112.0,0.45624,0.169224,0.374536
6128.0,0.45528,0.169346,0.375374
6144.0,0.454313,0.169475,0.376212
6160.0,0.453421,0.169601,0.376978
6176.0,0.452458,0.169758,0.377784
6192.0,0.451478,0.169893,0.378629
6208.0,0.450544,0.17002,0.379436
6224.0,0.449633,0.170157,0.38021
6240.0,0.448685,0.170308,0.381007
6256.0,0.447751,0.170415,0.381834
6272.0,0.446894,0.170549,0.382557
6288.0,0.446016,0.170643,0.383341
6304.0,0.445081,0.170755,0.384164
6320.0,0.444175,0.170882,0.384943
6336.0,0.44327,0.171021,0.385709
6352.0,0.44234,0.171176,0.386484
6368.0,0.441451,0.171317,0.387232
6384.0,0.440496,0.17146,0.388044
6400.0,0.439637,0.171587,0.388776
6416.0,0.438748,0.171719,0.389533
6432.0,0.43783,0.171815,0.390355
6448.0,0.436905,0.171938,0.391157
6464.0,0.435971,0.17208,0.391949
6480.0,0.435031,0.172198,0.392771
6496.0,0.434152,0.172303,0.393545
6512.0,0.43326,0.172405,0.394335
6528.0,0.432364,0.172522,0.395114
6544.0,0.431457,0.172626,0.395917
6560.0,0.430601,0.172717,0.396682
6576.0,0.429744,0.172812,0.397444
6592.0,0.428843,0.17296,0.398197
6608.0,0.42796,0.173046,0.398994
6624.0,0.427018,0.173162,0.39982
6640.0,0.426162,0.173289,0.400549
6656.0,0.425289,0.173385,0.401326
6672.0,0.424467,0.173456,0.402077
6688.0,0.423601,0.173557,0.402842
6704.0,0.422746,0.173685,0.403569
6720.0,0.421852,0.173785,0.404363
6736.0,0.420953,0.173901,0.405146
6752.0,0.420078,0.174037,0.405885
6768.0,0.419267,0.174102,0.406631
6784.0,0.418353,0.174194,0.407453
6800.0,0.417504,0.174289,0.408207
6816.0,0.416592,0.174411,0.408997
6832.0,0.415705,0.174532,0.409763
6848.0,0.414858,0.17462,0.410522
6864.0,0.413997,0.17473,0.411273
6880.0,0.413154,0.174832,0.412014
6896.0,0.412264,0.174935,0.412801
6912.0,0.411421,0.175027,0.413552
6928.0,0.410542,0.175153,0.414305
6944.0,0.409692,0.175246,0.415062
6960.0,0.408803,0.175335,0.415862
6976.0,0.407944,0.175442,0.416614
6992.0,0.407157,0.175499,0.417344
7008.0,0.406332,0.175591,0.418077
7024.0,0.405515,0.175656,0.418829
7040.0,0.404731,0.175719,0.41955
7056.0,0.403879,0.175824,0.420297
7072.0,0.403031,0.175931,0.421038
7088.0,0.402193,0.17596,0.421847
7104.0,0.401336,0.176039,0.422625
7120.0,0.400489,0.176156,0.423355
7136.0,0.39967,0.176216,0.424114
7152.0,0.398838,0.176318,0.424844
7168.0,0.397992,0.176404,0.425604
7184.0,0.397196,0.176444,0.42636
7200.0,0.39639,0.176518,0.427092
7216.0,0.395541,0.176589,0.42787
7232.0,0.394759,0.176671,0.42857
7248.0,0.393969,0.176736,0.429295
7264.0,0.393153,0.176798,0.430049
7280.0,0.392314,0.176918,0.430768
7296.0,0.391512,0.177002,0.431486
7312.0,0.390741,0.177045,0.432214
7328.0,0.389978,0.177095,0.432927
7344.0,0.389165,0.177165,0.43367
7360.0,0.38841,0.177204,0.434386
7376.0,0.387586,0.177322,0.435092
7392.0,0.386765,0.177378,0.435857
7408.0,0.385931,0.177462,0.436607
7424.0,0.385103,0.17752,0.437377
7440.0,0.384325,0.17753,0.438145
7456.0,0.383518,0.177614,0.438868
7472.0,0.382738,0.177693,0.439569
7488.0,0.381932,0.177762,0.440306
7504.0,0.381168,0.177811,0.441021
7520.0,0.380412,0.177832,0.441756
7536.0,0.379656,0.177926,0.442418
7552.0,0.378862,0.178006,0.443132
7568.0,0.378073,0.178067,0.44386
7584.0,0.377326,0.178074,0.4446
7600.0,0.376538,0.178102,0.44536
7616.0,0.375777,0.17814,0.446083
7632.0,0.374983,0.178239,0.446778
7648.0,0.374294,0.178218,0.447488
7664.0,0.373576,0.178216,0.448208
7680.0,0.372786,0.17828,0.448934
7696.0,0.372006,0.178351,0.449643
7712.0,0.371226,0.17839,0.450384
7728.0,0.370482,0.178432,0.451086
7744.0,0.369777,0.178427,0.451796
7760.0,0.368988,0.178481,0.452531
7776.0,0.36828,0.17854,0.45318
7792.0,0.367512,0.178608,0.45388
7808.0,0.366744,0.178659,0.454597
7824.0,0.365967,0.178707,0.455326
7840.0,0.365154,0.178799,0.456047
7856.0,0.364382,0.178833,0.456785
7872.0,0.363625,0.178836,0.457539
7888.0,0.362862,0.178888,0.45825
7904.0,0.362115,0.178917,0.458968
7920.0,0.361352,0.178937,0.459711
7936.0,0.360591,0.179004,0.460405
7952.0,0.359844,0.179022,0.461134
7968.0,0.359082,0.179075,0.461843
7984.0,0.358326,0.179103,0.462571
8000.0,0.357612,0.179113,0.463275
8016.0,0.356876,0.179155,0.463969
8032.0,0.356148,0.179229,0.464623
8048.0,0.355412,0.179214,0.465374
8064.0,0.354688,0.179235,0.466077
8080.0,0.353945,0.179296,0.466759
8096.0,0.353206,0.179335,0.467459
8112.0,0.352422,0.179394,0.468184
8128.0,0.351668,0.179442,0.46889
8144.0,0.350938,0.179495,0.469567
8160.0,0.35019,0.179533,0.470277
8176.0,0.349423,0.179566,0.471011
8192.0,0.348687,0.179571,0.471742
8208.0,0.347975,0.179611,0.472414
8224.0,0.347247,0.179609,0.473144
8240.0,0.346529,0.179645,0.473826
8256.0,0.345831,0.179673,0.474496
8272.0,0.345214,0.179661,0.475125
8288.0,0.344504,0.179723,0.475773
8304.0,0.343759,0.179787,0.476454
8320.0,0.343025,0.179784,0.477191
8336.0,0.342323,0.179823,0.477854
8352.0,0.341599,0.179872,0.478529
8368.0,0.340903,0.179876,0.479221
8384.0,0.340261,0.179866,0.479873
8400.0,0.339519,0.179887,0.480594
8416.0,0.338785,0.179898,0.481317
8432.0,0.338041,0.17995,0.482009
8448.0,0.337287,0.179977,0.482736
8464.0,0.33661,0.179976,0.483414
8480.0,0.335951,0.180028,0.484021
8496.0,0.335231,0.180055,0.484714
8512.0,0.334517,0.180096,0.485387
8528.0,0.333807,0.180113,0.48608
8544.0,0.333113,0.180128,0.486759
8560.0,0.332448,0.18011,0.487442
8576.0,0.331806,0.180124,0.48807
8592.0,0.331135,0.18016,0.488705
8608.0,0.330428,0.180107,0.489465
8624.0,0.329696,0.180132,0.490172
8640.0,0.329067,0.180113,0.49082
8656.0,0.328412,0.180124,0.491464
8672.0,0.327752,0.180076,0.492172
8688.0,0.327083,0.180106,0.492811
8704.0,0.326457,0.180099,0.493444
8720.0,0.325807,0.180081,0.494112
8736.0,0.325146,0.180042,0.494812
8752.0,0.324453,0.180021,0.495526
8768.0,0.323771,0.180016,0.496213
8784.0,0.323125,0.179991,0.496884
8800.0,0.322511,0.179932,0.497557
8816.0,0.321876,0.179935,0.498189
8832.0,0.321233,0.179914,0.498853
8848.0,0.320571,0.179865,0.499564
8864.0,0.319919,0.179846,0.500235
8880.0,0.319228,0.179843,0.500929
8896.0,0.318558,0.179873,0.501569
8912.0,0.317829,0.179893,0.502278
8928.0,0.317147,0.179912,0.502941
8944.0,0.316517,0.179896,0.503587
8960.0,0.315843,0.179916,0.504241
8976.0,0.315153,0.179929,0.504918
8992.0,0.31449,0.179913,0.505597
9008.0,0.3138,0.179941,0.506259
9024.0,0.31318,0.179883,0.506937
9040.0,0.312519,0.179895,0.507586
9056.0,0.311859,0.179869,0.508272
9072.0,0.311223,0.179881,0.508896
9088.0,0.310627,0.179876,0.509497
9104.0,0.310019,0.179807,0.510174
9120.0,0.309408,0.179772,0.51082
9136.0,0.30878,0.179707,0.511513
9152.0,0.308154,0.179674,0.512172
9168.0,0.307545,0.179654,0.512801
9184.0,0.306899,0.179667,0.513434
9200.0,0.306249,0.179664,0.514087
9216.0,0.305617,0.179645,0.514738
9232.0,0.304971,0.179609,0.51542
9248.0,0.304337,0.179619,0.516044
9264.0,0.303773,0.179588,0.516639
9280.0,0.303225,0.179555,0.51722
9296.0,0.302573,0.179517,0.51791
9312.0,0.301942,0.179543,0.518515
9328.0,0.301356,0.179492,0.519152
9344.0,0.300781,0.179485,0.519734
9360.0,0.300187,0.179457,0.520356
9376.0,0.299559,0.179439,0.521002
9392.0,0.299,0.179386,0.521614
9408.0,0.298364,0.179351,0.522285
9424.0,0.297766,0.179318,0.522916
9440.0,0.297173,0.179301,0.523526
9456.0,0.296517,0.179299,0.524184
9472.0,0.295942,0.179258,0.5248
9488.0,0.295302,0.17926,0.525438
9504.0,0.294674,0.17927,0.526056
9520.0,0.294052,0.179273,0.526675
9536.0,0.293391,0.179273,0.527336
9552.0,0.292804,0.179235,0.527961
9568.0,0.292193,0.179242,0.528565
9584.0,0.291617,0.179228,0.529155
9600.0,0.291032,0.17923,0.529738
9616.0,0.290401,0.179203,0.530396
9632.0,0.289785,0.179191,0.531024
9648.0,0.289193,0.179173,0.531634
9664.0,0.28862,0.179134,0.532246
9680.0,0.28805,0.179099,0.532851
9696.0,0.287447,0.179089,0.533464
9712.0,0.286842,0.179063,0.534095
9728.0,0.286252,0.179039,0.534709
9744.0,0.285655,0.179033,0.535312
9760.0,0.285083,0.178998,0.535919
9776.0,0.284535,0.178916,0.536549
9792.0,0.283954,0.178845,0.537201
9808.0,0.283341,0.178846,0.537813
9824.0,0.282741,0.178811,0.538448
9840.0,0.282183,0.178709,0.539108
9856.0,0.281533,0.178756,0.539711
9872.0,0.280962,0.178692,0.540346
9888.0,0.280376,0.178631,0.540993
9904.0,0.279782,0.178646,0.541572
9920.0,0.279177,0.178627,0.542196
9936.0,0.278638,0.178575,0.542787
9952.0,0.278019,0.178545,0.543436
9968.0,0.277496,0.178495,0.544009
9984.0,0.2769,0.178448,0.544652
10000.0,0.27633,0.178421,0.545249
10016.0,0.275761,0.178362,0.545877
10032.0,0.275253,0.178301,0.546446
10048.0,0.274689,0.178242,0.547069
10064.0,0.274095,0.178238,0.547667
10080.0,0.273534,0.178176,0.54829
10096.0,0.272966,0.178136,0.548898
10112.0,0.272422,0.17807,0.549508
10128.0,0.271839,0.178061,0.5501
10144.0,0.271292,0.178033,0.550675
10160.0,0.270712,0.178006,0.551282
10176.0,0.270161,0.177981,0.551858
10192.0,0.269568,0.17794,0.552492
10208.0,0.269052,0.177876,0.553072
10224.0,0.268481,0.177815,0.553704
10240.0,0.267926,0.177765,0.554309
10256.0,0.267335,0.177759,0.554906
10272.0,0.266781,0.17772,0.555499
10288.0,0.266225,0.17767,0.556105
10304.0,0.265657,0.177647,0.556696
10320.0,0.265133,0.177593,0.557274
10336.0,0.264574,0.177553,0.557873
10352.0,0.264047,0.177515,0.558438
10368.0,0.263465,0.177458,0.559077
10384.0,0.262926,0.177395,0.559679
10400.0,0.262381,0.177321,0.560298
10416.0,0.261832,0.177222,0.560946
10432.0,0.261246,0.177182,0.561572
10448.0,0.26066,0.17715,0.56219
10464.0,0.260101,0.177086,0.562813
10480.0,0.259553,0.177051,0.563396
10496.0,0.259028,0.177017,0.563955
10512.0,0.258477,0.17699,0.564533
10528.0,0.257947,0.176931,0.565122
10544.0,0.25745,0.176879,0.565671
10560.0,0.256935,0.176815,0.56625
10576.0,0.25643,0.17671,0.56686
10592.0,0.255933,0.176691,0.567376
10608.0,0.255432,0.176633,0.567935
10624.0,0.25493,0.17658,0.56849
10640.0,0.25438,0.176544,0.569076
10656.0,0.253866,0.176485,0.569649
10672.0,0.253352,0.176403,0.570245
10688.0,0.25283,0.176329,0.570841
10704.0,0.252365,0.176258,0.571377
10720.0,0.251806,0.176213,0.571981
10736.0,0.251276,0.176184,0.57254
10752.0,0.250765,0.176085,0.57315
10768.0,0.250266,0.176024,0.57371
10784.0,0.249761,0.175981,0.574258
10800.0,0.249239,0.175943,0.574818
10816.0,0.248706,0.175887,0.575407
10832.0,0.248203,0.175827,0.57597
10848.0,0.247698,0.175747,0.576555
10864.0,0.247188,0.175711,0.577101
10880.0,0.246661,0.175649,0.57769
10896.0,0.246116,0.175587,0.578297
10912.0,0.245614,0.175534,0.578852
10928.0,0.245112,0.175483,0.579405
10944.0,0.244589,0.175427,0.579984
10960.0,0.244106,0.175326,0.580568
10976.0,0.243603,0.175255,0.581142
10992.0,0.243093,0.175193,0.581714
11008.0,0.242589,0.175163,0.582248
11024.0,0.242089,0.175119,0.582792
11040.0,0.24159,0.175088,0.583322
11056.0,0.241079,0.17508,0.583841
11072.0,0.24059,0.174982,0.584428
11088.0,0.240111,0.174909,0.58498
11104.0,0.239653,0.174835,0.585512
11120.0,0.239146,0.174738,0.586116
11136.0,0.238656,0.174662,0.586682
11152.0,0.238159,0.174584,0.587257
11168.0,0.237665,0.174529,0.587806
11184.0,0.23722,0.174485,0.588295
11200.0,0.23675,0.174425,0.588825
11216.0,0.23627,0.174335,0.589395
11232.0,0.235751,0.174305,0.589944
11248.0,0.235242,0.174263,0.590495
11264.0,0.234757,0.174205,0.591038
11280.0,0.234264,0.174177,0.591559
11296.0,0.233799,0.174117,0.592084
11312.0,0.233314,0.174021,0.592665
11328.0,0.232821,0.173972,0.593207
11344.0,0.232329,0.173942,0.593729
11360.0,0.231858,0.173805,0.594337
11376.0,0.231355,0.173752,0.594893
11392.0,0.230868,0.173703,0.595429
11408.0,0.230438,0.173595,0.595967
11424.0,0.229984,0.173513,0.596503
11440.0,0.229481,0.173453,0.597066
11456.0,0.228973,0.173399,0.597628
11472.0,0.228502,0.173309,0.598189
11488.0,0.228024,0.173206,0.59877
11504.0,0.227567,0.173113,0.59932
11520.0,0.227098,0.173005,0.599897
11536.0,0.226614,0.172938,0.600448
11552.0,0.226162,0.17285,0.600988
11568.0,0.225716,0.172762,0.601522
11584.0,0.225256,0.172691,0.602053
11600.0,0.224785,0.172618,0.602597
11616.0,0.224286,0.172546,0.603168
11632.0,0.223851,0.172451,0.603698
11648.0,0.223384,0.172386,0.60423
11664.0,0.222888,0.172304,0.604808
11680.0,0.222412,0.172201,0.605387
11696.0,0.221926,0.172101,0.605973
11712.0,0.22146,0.172034,0.606506
11728.0,0.220969,0.171983,0.607048
11744.0,0.220534,0.171929,0.607537
11760.0,0.220058,0.171865,0.608077
11776.0,0.219575,0.171809,0.608616
11792.0,0.219169,0.171705,0.609126
11808.0,0.218744,0.17162,0.609636
11824.0,0.21829,0.17157,0.61014
11840.0,0.217847,0.171472,0.610681
11856.0,0.217404,0.171386,0.61121
11872.0,0.216943,0.171288,0.611769
11888.0,0.216469,0.171221,0.61231
11904.0,0.21604,0.171128,0.612832
11920.0,0.215629,0.171057,0.613314
11936.0,0.215201,0.17099,0.613809
11952.0,0.214757,0.17088,0.614363
11968.0,0.2143,0.170821,0.614879
11984.0,0.213863,0.170725,0.615412
12000.0,0.213468,0.170609,0.615923
12016.0,0.213033,0.170568,0.616399
12032.0,0.212609,0.170505,0.616886
12048.0,0.212203,0.170429,0.617368
12064.0,0.211784,0.170355,0.617861
12080.0,0.21134,0.170271,0.618389
12096.0,0.210929,0.170187,0.618884
12112.0,0.210502,0.170094,0.619404
12128.0,0.210054,0.170021,0.619925
12144.0,0.209596,0.169959,0.620445
12160.0,0.209164,0.169894,0.620942
12176.0,0.208769,0.169798,0.621433
12192.0,0.208339,0.169703,0.621958
12208.0,0.207914,0.169599,0.622487
12224.0,0.207407,0.169529,0.623064
12240.0,0.206978,0.169428,0.623594
12256.0,0.206586,0.169354,0.62406
12272.0,0.206158,0.169278,0.624564
12288.0,0.205748,0.169175,0.625077
12304.0,0.205325,0.169119,0.625556
12320.0,0.204853,0.169043,0.626104
12336.0,0.204425,0.168992,0.626583
12352.0,0.204024,0.168897,0.627079
12368.0,0.203634,0.168817,0.627549
12384.0,0.203227,0.168775,0.627998
12400.0,0.202819,0.168681,0.6285
12416.0,0.202445,0.16857,0.628985
12432.0,0.20202,0.168458,0.629522
12448.0,0.201622,0.168351,0.630027
12464.0,0.201219,0.168257,0.630524
12480.0,0.200791,0.168152,0.631057
12496.0,0.200377,0.168042,0.631581
12512.0,0.199976,0.167935,0.632089
12528.0,0.19955,0.16784,0.63261
12544.0,0.199125,0.167763,0.633112
12560.0,0.198695,0.16767,0.633635
12576.0,0.198288,0.167594,0.634118
12592.0,0.197826,0.167474,0.6347
12608.0,0.197383,0.167375,0.635242
12624.0,0.196975,0.167267,0.635758
12640.0,0.196577,0.167144,0.636279
12656.0,0.196182,0.167055,0.636763
12672.0,0.195774,0.166974,0.637252
12688.0,0.195353,0.166867,0.63778
12704.0,0.19497,0.166767,0.638263
12720.0,0.194586,0.166657,0.638757
12736.0,0.194216,0.166562,0.639222
12752.0,0.193833,0.166468,0.639699
12768.0,0.193424,0.166368,0.640208
12784.0,0.193006,0.166326,0.640668
12800.0,0.192618,0.16623,0.641152
12816.0,0.192225,0.166162,0.641613
12832.0,0.191848,0.16605,0.642102
12848.0,0.191403,0.165969,0.642628
12864.0,0.190993,0.165888,0.643119
12880.0,0.190597,0.165791,0.643612
12896.0,0.190208,0.165681,0.644111
12912.0,0.189809,0.165581,0.64461
12928.0,0.189413,0.165503,0.645084
12944.0,0.189023,0.165439,0.645538
12960.0,0.18866,0.16534,0.646
12976.0,0.188296,0.165238,0.646466
12992.0,0.187906,0.16512,0.646974
13008.0,0.187519,0.165022,0.647459
13024.0,0.187134,0.16492,0.647946
13040.0,0.186741,0.164836,0.648423
13056.0,0.186345,0.164743,0.648912
13072.0,0.185968,0.164632,0.6494
13088.0,0.185583,0.164546,0.649871
13104.0,0.18521,0.16445,0.65034
13120.0,0.18481,0.164383,0.650807
13136.0,0.184415,0.164291,0.651294
13152.0,0.184042,0.164222,0.651736
13168.0,0.183639,0.164131,0.65223
13184.0,0.183255,0.16407,0.652675
13200.0,0.182916,0.163954,0.65313
13216.0,0.182533,0.163847,0.65362
13232.0,0.182132,0.16378,0.654088
13248.0,0.181725,0.163686,0.654589
13264.0,0.181354,0.163587,0.655059
13280.0,0.180995,0.163513,0.655492
13296.0,0.180651,0.163404,0.655945
13312.0,0.180272,0.16331,0.656418
13328.0,0.179892,0.163203,0.656905
13344.0,0.179536,0.163085,0.657379
13360.0,0.179154,0.162957,0.657889
13376.0,0.178766,0.162864,0.65837
13392.0,0.178374,0.16279,0.658836
13408.0,0.178038,0.162661,0.659301
13424.0,0.177666,0.162595,0.659739
13440.0,0.177325,0.162445,0.66023
13456.0,0.17698,0.162328,0.660692
13472.0,0.176625,0.162234,0.661141
13488.0,0.176271,0.162133,0.661596
13504.0,0.175937,0.161994,0.662069
13520.0,0.175574,0.161871,0.662555
13536.0,0.175248,0.161742,0.66301
13552.0,0.174885,0.161632,0.663483
13568.0,0.174536,0.161516,0.663948
13584.0,0.174201,0.161372,0.664427
13600.0,0.173845,0.161286,0.664869
13616.0,0.173485,0.161191,0.665324
13632.0,0.173165,0.161081,0.665754
13648.0,0.172845,0.160963,0.666192
13664.0,0.172491,0.160853,0.666656
13680.0,0.172123,0.160738,0.667139
13696.0,0.171751,0.160635,0.667614
13712.0,0.17138,0.160544,0.668076
13728.0,0.171035,0.160476,0.668489
13744.0,0.170651,0.160329,0.66902
13760.0,0.170301,0.160213,0.669486
13776.0,0.169926,0.160132,0.669942
13792.0,0.169591,0.160042,0.670367
13808.0,0.169246,0.159941,0.670813
13824.0,0.168863,0.159858,0.671279
13840.0,0.168528,0.159704,0.671768
13856.0,0.168192,0.159586,0.672222
13872.0,0.167835,0.159496,0.672669
13888.0,0.167489,0.159372,0.673139
13904.0,0.167181,0.159232,0.673587
13920.0,0.16687,0.159091,0.674039
13936.0,0.166501,0.159029,0.67447
13952.0,0.16614,0.158922,0.674938
13968.0,0.165811,0.158819,0.67537
13984.0,0.165463,0.158725,0.675812
14000.0,0.165089,0.158591,0.67632
14016.0,0.164742,0.158497,0.676761
14032.0,0.164381,0.158384,0.677235
14048.0,0.164067,0.158229,0.677704
14064.0,0.16373,0.158135,0.678135
14080.0,0.163384,0.158023,0.678593
14096.0,0.16304,0.157916,0.679044
14112.0,0.162735,0.157775,0.67949
14128.0,0.162431,0.15765,0.679919
14144.0,0.162112,0.157523,0.680365
14160.0,0.161785,0.157403,0.680812
14176.0,0.161435,0.157337,0.681228
14192.0,0.161094,0.157253,0.681653
14208.0,0.160762,0.157133,0.682105
14224.0,0.160427,0.157023,0.68255
14240.0,0.160091,0.156919,0.68299
14256.0,0.159715,0.156813,0.683472
14272.0,0.159386,0.156723,0.683891
14288.0,0.159058,0.156623,0.684319
14304.0,0.158728,0.156555,0.684717
14320.0,0.158429,0.156442,0.685129
14336.0,0.158094,0.156355,0.685551
14352.0,0.157785,0.156261,0.685954
14368.0,0.157462,0.156165,0.686373
14384.0,0.157164,0.156076,0.68676
14400.0,0.156839,0.15595,0.687211
14416.0,0.156523,0.155852,0.687625
14432.0,0.156185,0.155752,0.688063
14448.0,0.15588,0.155655,0.688465
14464.0,0.155554,0.15556,0.688886
14480.0,0.15524,0.155444,0.689316
14496.0,0.154934,0.155325,0.689741
14512.0,0.154612,0.15525,0.690138
14528.0,0.154287,0.155148,0.690565
14544.0,0.15395,0.155038,0.691012
14560.0,0.153612,0.154955,0.691433
14576.0,0.153292,0.15487,0.691838
14592.0,0.152958,0.15478,0.692262
14608.0,0.152627,0.154663,0.69271
14624.0,0.152326,0.154563,0.693111
14640.0,0.151995,0.154477,0.693528
14656.0,0.15166,0.15436,0.69398
14672.0,0.151326,0.154236,0.694438
14688.0,0.151012,0.154114,0.694874
14704.0,0.150695,0.15399,0.695315
14720.0,0.150388,0.153861,0.695751
14736.0,0.150081,0.153746,0.696173
14752.0,0.149754,0.153615,0.696631
14768.0,0.149399,0.15352,0.697081
14784.0,0.149071,0.153393,0.697536
14800.0,0.148765,0.153294,0.697941
14816.0,0.148454,0.153191,0.698355
14832.0,0.148164,0.153078,0.698758
14848.0,0.147866,0.152957,0.699177
14864.0,0.147602,0.152811,0.699587
14880.0,0.147358,0.15263,0.700012
14896.0,0.14708,0.152483,0.700437
14912.0,0.146791,0.152378,0.700831
14928.0,0.14649,0.1523,0.70121
14944.0,0.146188,0.152175,0.701637
14960.0,0.145914,0.152033,0.702053
14976.0,0.145598,0.151909,0.702493
14992.0,0.145323,0.151781,0.702896
15008.0,0.145028,0.151699,0.703273
15024.0,0.144703,0.151623,0.703674
15040.0,0.144407,0.151512,0.704081
15056.0,0.144119,0.151373,0.704508
15072.0,0.143858,0.151245,0.704897
15088.0,0.143555,0.151146,0.705299
15104.0,0.143277,0.151039,0.705684
15120.0,0.142956,0.150946,0.706098
15136.0,0.14267,0.150819,0.706511
15152.0,0.142389,0.150704,0.706907
15168.0,0.142087,0.150573,0.70734
15184.0,0.141782,0.15044,0.707778
15200.0,0.141512,0.150322,0.708166
15216.0,0.1412,0.15021,0.70859
15232.0,0.14093,0.150082,0.708988
15248.0,0.140669,0.149933,0.709398
15264.0,0.140381,0.149813,0.709806
15280.0,0.140094,0.149695,0.710211
15296.0,0.139807,0.14958,0.710613
15312.0,0.13949,0.149495,0.711015
15328.0,0.1392,0.14939,0.71141
15344.0,0.138914,0.149264,0.711822
15360.0,0.138596,0.149189,0.712215
15376.0,0.138322,0.149053,0.712625
15392.0,0.138021,0.148941,0.713038
15408.0,0.137762,0.148806,0.713432
15424.0,0.13746,0.14872,0.71382
15440.0,0.137166,0.148612,0.714222
15456.0,0.136879,0.148513,0.714608
15472.0,0.13659,0.14839,0.71502
15488.0,0.1363,0.148293,0.715407
15504.0,0.136008,0.148178,0.715814
15520.0,0.13573,0.148048,0.716222
15536.0,0.13545,0.147944,0.716606
15552.0,0.135154,0.147853,0.716993
15568.0,0.134866,0.147775,0.717359
15584.0,0.134601,0.147639,0.71776
15600.0,0.134319,0.14753,0.718151
15616.0,0.13402,0.147437,0.718543
15632.0,0.133757,0.147317,0.718926
15648.0,0.133483,0.147216,0.719301
15664.0,0.133216,0.14711,0.719674
15680.0,0.132931,0.146972,0.720097
15696.0,0.132619,0.146854,0.720527
15712.0,0.132363,0.146718,0.720919
15728.0,0.132093,0.146595,0.721312
15744.0,0.131824,0.146489,0.721687
15760.0,0.131585,0.146343,0.722072
15776.0,0.131326,0.146232,0.722442
15792.0,0.131053,0.146093,0.722854
15808.0,0.130785,0.145966,0.723249
15824.0,0.130512,0.145822,0.723666
15840.0,0.130251,0.145715,0.724034
15856.0,0.129978,0.145605,0.724417
15872.0,0.129713,0.1455,0.724787
15888.0,0.129454,0.14542,0.725126
15904.0,0.12919,0.145282,0.725528
15920.0,0.128911,0.145201,0.725888
15936.0,0.128643,0.145091,0.726266
15952.0,0.128374,0.144971,0.726655
15968.0,0.128095,0.144857,0.727048
15984.0,0.127856,0.144724,0.72742
16000.0,0.127585,0.144589,0.727826
16016.0,0.127347,0.144463,0.72819
16032.0,0.127095,0.144344,0.728561
16048.0,0.126838,0.144217,0.728945
16064.0,0.126586,0.144072,0.729342
16080.0,0.12632,0.143992,0.729688
16096.0,0.126047,0.143868,0.730085
16112.0,0.12579,0.143771,0.730439
16128.0,0.125532,0.143653,0.730815
16144.0,0.125272,0.143552,0.731176
16160.0,0.124973,0.143432,0.731595
16176.0,0.124707,0.143316,0.731977
16192.0,0.12445,0.143213,0.732337
16208.0,0.124171,0.143107,0.732722
16224.0,0.123907,0.143004,0.733089
16240.0,0.123659,0.142871,0.73347
16256.0,0.123402,0.142749,0.733849
16272.0,0.123126,0.142598,0.734276
16288.0,0.122915,0.142484,0.734601
16304.0,0.122656,0.14234,0.735004
16320.0,0.122374,0.142233,0.735393
16336.0,0.122142,0.142097,0.735761
16352.0,0.121891,0.141959,0.73615
16368.0,0.121642,0.14183,0.736528
16384.0,0.121417,0.141708,0.736875
16400.0,0.121172,0.141604,0.737224
16416.0,0.120921,0.141481,0.737598
16432.0,0.120677,0.14138,0.737943
16448.0,0.120465,0.141207,0.738328
16464.0,0.120192,0.141081,0.738727
16480.0,0.119905,0.141003,0.739092
16496.0,0.119664,0.14088,0.739456
16512.0,0.119405,0.140766,0.739829
16528.0,0.119111,0.140666,0.740223
16544.0,0.118837,0.140566,0.740597
16560.0,0.118588,0.140447,0.740965
16576.0,0.118351,0.140324,0.741325
16592.0,0.118101,0.140203,0.741696
16608.0,0.117867,0.140065,0.742068
16624.0,0.117625,0.139951,0.742424
16640.0,0.117381,0.139827,0.742792
16656.0,0.117144,0.13969,0.743166
16672.0,0.116896,0.139554,0.74355
16688.0,0.116629,0.139446,0.743925
16704.0,0.116404,0.139336,0.74426
16720.0,0.116156,0.139206,0.744638
16736.0,0.115956,0.139069,0.744975
16752.0,0.115705,0.13896,0.745335
16768.0,0.115482,0.13882,0.745698
16784.0,0.115224,0.138724,0.746052
16800.0,0.11497,0.138605,0.746425
16816.0,0.11474,0.138471,0.746789
16832.0,0.114526,0.138323,0.747151
16848.0,0.114304,0.138185,0.747511
16864.0,0.114087,0.138037,0.747876
16880.0,0.113847,0.137892,0.748261
16896.0,0.113598,0.137764,0.748638
16912.0,0.11337,0.13764,0.74899
16928.0,0.113098,0.137543,0.749359
16944.0,0.112871,0.137441,0.749688
16960.0,0.112635,0.137337,0.750028
16976.0,0.112391,0.137232,0.750377
16992.0,0.112181,0.137098,0.750721
17008.0,0.111965,0.136948,0.751087
17024.0,0.111741,0.136839,0.75142
17040.0,0.111518,0.136718,0.751764
17056.0,0.111297,0.136572,0.752131
17072.0,0.111087,0.136433,0.75248
17088.0,0.110836,0.136314,0.75285
17104.0,0.110607,0.136193,0.7532
17120.0,0.110366,0.136072,0.753562
17136.0,0.110134,0.135998,0.753868
17152.0,0.109891,0.135886,0.754223
17168.0,0.109681,0.135781,0.754538
17184.0,0.109475,0.135658,0.754867
17200.0,0.109222,0.135571,0.755207
17216.0,0.109002,0.135442,0.755556
17232.0,0.108774,0.135327,0.755899
17248.0,0.108543,0.135193,0.756264
17264.0,0.108329,0.135056,0.756615
17280.0,0.108103,0.134938,0.756959
17296.0,0.107834,0.13485,0.757316
17312.0,0.1076,0.134723,0.757677
17328.0,0.107381,0.134618,0.758001
17344.0,0.107159,0.13447,0.758371
17360.0,0.106941,0.134373,0.758686
17376.0,0.106704,0.134241,0.759055
17392.0,0.106496,0.134085,0.759419
17408.0,0.106309,0.133919,0.759772
17424.0,0.106093,0.133834,0.760073
17440.0,0.105866,0.133726,0.760408
17456.0,0.105652,0.133581,0.760767
17472.0,0.105436,0.133439,0.761125
17488.0,0.105201,0.133322,0.761477
17504.0,0.10498,0.133182,0.761838
17520.0,0.104767,0.133053,0.76218
17536.0,0.104561,0.132941,0.762498
17552.0,0.104327,0.132836,0.762837
17568.0,0.104104,0.132693,0.763203
17584.0,0.1039,0.132572,0.763528
17600.0,0.103672,0.13244,0.763888
17616.0,0.103462,0.132311,0.764227
17632.0,0.103258,0.132182,0.76456
17648.0,0.10302,0.132077,0.764903
17664.0,0.10281,0.131974,0.765216
17680.0,0.102571,0.13185,0.765579
17696.0,0.102371,0.131713,0.765916
17712.0,0.102179,0.131599,0.766222
17728.0,0.101958,0.131488,0.766554
17744.0,0.101703,0.131397,0.7669
17760.0,0.101475,0.131282,0.767243
17776.0,0.101283,0.131171,0.767546
17792.0,0.101095,0.131049,0.767856
17808.0,0.10088,0.130914,0.768206
17824.0,0.100642,0.13082,0.768538
17840.0,0.100444,0.130685,0.768871
17856.0,0.100216,0.130573,0.769211
17872.0,0.099998,0.130453,0.769549
17888.0,0.099775,0.130344,0.769881
17904.0,0.099584,0.130243,0.770173
17920.0,0.099369,0.130106,0.770525
17936.0,0.09917,0.129973,0.770857
17952.0,0.098977,0.129841,0.771182
17968.0,0.098781,0.129716,0.771503
17984.0,0.098592,0.129576,0.771832
18000.0,0.098382,0.129448,0.77217
18016.0,0.098174,0.12934,0.772486
18032.0,0.097966,0.129229,0.772805
18048.0,0.097768,0.1291,0.773132
18064.0,0.097551,0.128975,0.773474
18080.0,0.097329,0.12884,0.773831
18096.0,0.097105,0.128712,0.774183
18112.0,0.096913,0.128607,0.77448
18128.0,0.096715,0.128496,0.774789
18144.0,0.096504,0.128382,0.775114
18160.0,0.096323,0.128227,0.77545
18176.0,0.096137,0.128128,0.775735
18192.0,0.095933,0.128025,0.776042
18208.0,0.095734,0.127887,0.776379
18224.0,0.095524,0.127771,0.776705
18240.0,0.095333,0.127647,0.77702
18256.0,0.095154,0.127522,0.777324
18272.0,0.094955,0.127403,0.777642
18288.0,0.094766,0.127284,0.77795
18304.0,0.094592,0.127143,0.778265
18320.0,0.094372,0.12705,0.778578
18336.0,0.094163,0.126907,0.77893
18352.0,0.09397,0.126804,0.779226
18368.0,0.093771,0.126679,0.77955
18384.0,0.093589,0.126547,0.779864
18400.0,0.093398,0.126409,0.780193
18416.0,0.09322,0.126261,0.780519
18432.0,0.093032,0.126155,0.780813
18448.0,0.092849,0.126004,0.781147
18464.0,0.09266,0.125862,0.781478
18480.0,0.092494,0.12574,0.781766
18496.0,0.092296,0.125602,0.782102
18512.0,0.092118,0.125471,0.782411
18528.0,0.091912,0.125368,0.78272
18544.0,0.091735,0.125242,0.783023
18560.0,0.091534,0.125127,0.783339
18576.0,0.091322,0.125006,0.783672
18592.0,0.091132,0.124887,0.783981
18608.0,0.090958,0.124762,0.78428
18624.0,0.090758,0.124656,0.784586
18640.0,0.090578,0.124536,0.784886
18656.0,0.09037,0.124427,0.785203
18672.0,0.090196,0.124314,0.78549
18688.0,0.090026,0.124154,0.78582
18704.0,0.089849,0.124051,0.7861
18720.0,0.089665,0.123903,0.786432
18736.0,0.08947,0.123802,0.786728
18752.0,0.089309,0.123681,0.78701
18768.0,0.089146,0.123563,0.787291
18784.0,0.088976,0.123441,0.787583
