time,state_0,state_1,state_2
0.0,0.0,0.0,1.0
1.0,2.1e-05,3.4e-05,0.999945
2.0,9.9e-05,0.000131,0.99977
3.0,0.000229,0.000307,0.999464
4.0,0.000421,0.000561,0.999018
5.0,0.000708,0.000861,0.998431
6.0,0.001022,0.001237,0.997741
7.0,0.001326,0.001707,0.996967
8.0,0.00173,0.002275,0.995995
9.0,0.002216,0.002906,0.994878
10.0,0.002746,0.003635,0.993619
11.0,0.003333,0.004445,0.992222
12.0,0.003958,0.005283,0.990759
13.0,0.004615,0.006188,0.989197
14.0,0.00535,0.007186,0.987464
15.0,0.006128,0.008243,0.985629
16.0,0.007001,0.009354,0.983645
17.0,0.007894,0.010524,0.981582
18.0,0.008831,0.011788,0.979381
19.0,0.009819,0.013115,0.977066
20.0,0.010841,0.014493,0.974666
21.0,0.011939,0.016019,0.972042
22.0,0.013048,0.01752,0.969432
23.0,0.014218,0.019181,0.966601
24.0,0.015434,0.020886,0.96368
25.0,0.016683,0.022633,0.960684
26.0,0.017971,0.024525,0.957504
27.0,0.019345,0.026426,0.954229
28.0,0.020662,0.028486,0.950852
29.0,0.02207,0.030587,0.947343
30.0,0.023531,0.032673,0.943796
31.0,0.02505,0.034815,0.940135
32.0,0.026592,0.037053,0.936355
33.0,0.028215,0.03935,0.932435
34.0,0.029847,0.041681,0.928472
35.0,0.031586,0.04408,0.924334
36.0,0.033327,0.046592,0.920081
37.0,0.035063,0.049175,0.915762
38.0,0.036809,0.051763,0.911428
39.0,0.038663,0.054456,0.906881
40.0,0.04053,0.057194,0.902276
41.0,0.042411,0.05997,0.897619
42.0,0.044324,0.062747,0.892929
43.0,0.046197,0.065688,0.888115
44.0,0.048115,0.068697,0.883188
45.0,0.050076,0.07176,0.878164
46.0,0.052018,0.074895,0.873087
47.0,0.053954,0.078085,0.867961
48.0,0.05595,0.081341,0.862709
49.0,0.058044,0.084622,0.857334
50.0,0.06013,0.087977,0.851893
51.0,0.062304,0.091444,0.846252
52.0,0.064383,0.094907,0.84071
53.0,0.06649,0.098448,0.835062
54.0,0.068618,0.102107,0.829275
55.0,0.070825,0.105681,0.823494
56.0,0.072877,0.109335,0.817788
57.0,0.07502,0.113151,0.811829
58.0,0.077178,0.116919,0.805903
59.0,0.079314,0.120828,0.799858
60.0,0.081569,0.124683,0.793748
61.0,0.083662,0.128783,0.787555
62.0,0.085821,0.132802,0.781377
63.0,0.088027,0.136885,0.775088
64.0,0.090202,0.141007,0.768791
65.0,0.092331,0.145292,0.762377
66.0,0.094468,0.149395,0.756137
67.0,0.096548,0.153703,0.749749
68.0,0.098775,0.158052,0.743173
69.0,0.100872,0.162412,0.736716
70.0,0.103105,0.166879,0.730016
71.0,0.105315,0.171401,0.723284
72.0,0.10735,0.175937,0.716713
73.0,0.109435,0.180502,0.710063
74.0,0.111506,0.185114,0.70338
75.0,0.113527,0.18983,0.696643
76.0,0.115579,0.194415,0.690006
77.0,0.117591,0.199183,0.683226
78.0,0.119638,0.203995,0.676367
79.0,0.121597,0.208777,0.669626
80.0,0.123465,0.213593,0.662942
81.0,0.125472,0.218486,0.656042
82.0,0.127374,0.223424,0.649202
83.0,0.129255,0.228328,0.642417
84.0,0.131115,0.233283,0.635602
85.0,0.133047,0.238278,0.628675
86.0,0.134942,0.243378,0.62168
87.0,0.136742,0.248363,0.614895
88.0,0.138496,0.25348,0.608024
89.0,0.140204,0.258729,0.601067
90.0,0.141926,0.263873,0.594201
91.0,0.143496,0.269068,0.587436
92.0,0.145186,0.274247,0.580567
93.0,0.146804,0.279353,0.573843
94.0,0.148431,0.284609,0.56696
95.0,0.149966,0.289929,0.560105
96.0,0.151376,0.295367,0.553257
97.0,0.152745,0.300946,0.546309
98.0,0.154068,0.306403,0.539529
99.0,0.155456,0.311757,0.532787
100.0,0.156852,0.317122,0.526026
101.0,0.158202,0.322609,0.519189
102.0,0.15957,0.327889,0.512541
103.0,0.160689,0.33327,0.506041
104.0,0.161959,0.338739,0.499302
105.0,0.163025,0.344165,0.49281
106.0,0.164232,0.349632,0.486136
107.0,0.165406,0.355053,0.479541
108.0,0.166428,0.360451,0.473121
109.0,0.167487,0.366012,0.466501
110.0,0.16863,0.371482,0.459888
111.0,0.169586,0.377055,0.453359
112.0,0.170522,0.382607,0.446871
113.0,0.171434,0.388122,0.440444
114.0,0.172293,0.39368,0.434027
115.0,0.173047,0.399257,0.427696
116.0,0.173823,0.404785,0.421392
117.0,0.174556,0.410382,0.415062
118.0,0.17533,0.415992,0.408678
119.0,0.175924,0.421509,0.402567
120.0,0.176492,0.427132,0.396376
121.0,0.177057,0.432623,0.39032
122.0,0.177531,0.438271,0.384198
123.0,0.178035,0.44374,0.378225
124.0,0.178334,0.449313,0.372353
125.0,0.178648,0.454819,0.366533
126.0,0.178986,0.460509,0.360505
127.0,0.179236,0.466112,0.354652
128.0,0.179563,0.471753,0.348684
129.0,0.179792,0.477225,0.342983
130.0,0.179984,0.482834,0.337182
131.0,0.180125,0.488281,0.331594
132.0,0.180097,0.493792,0.326111
133.0,0.179871,0.499436,0.320693
134.0,0.179921,0.505029,0.31505
135.0,0.179774,0.510552,0.309674
136.0,0.179612,0.516078,0.30431
137.0,0.17942,0.521342,0.299238
138.0,0.17924,0.526806,0.293954
139.0,0.179142,0.532142,0.288716
140.0,0.178823,0.537553,0.283624
141.0,0.178563,0.543006,0.278431
142.0,0.178169,0.548395,0.273436
143.0,0.177803,0.553757,0.26844
144.0,0.177448,0.559113,0.263439
145.0,0.176975,0.564596,0.258429
146.0,0.176458,0.569768,0.253774
147.0,0.175949,0.575019,0.249032
148.0,0.175387,0.58032,0.244293
149.0,0.17485,0.585457,0.239693
150.0,0.174254,0.590604,0.235142
151.0,0.173643,0.595734,0.230623
152.0,0.172844,0.601032,0.226124
153.0,0.17205,0.6063,0.22165
154.0,0.17137,0.611311,0.217319
155.0,0.170594,0.61632,0.213086
156.0,0.169857,0.621196,0.208947
157.0,0.169024,0.626273,0.204703
158.0,0.168145,0.631138,0.200717
159.0,0.167143,0.63632,0.196537
160.0,0.166241,0.641168,0.192591
161.0,0.165352,0.646033,0.188615
162.0,0.1644,0.65088,0.18472
163.0,0.163505,0.655633,0.180862
164.0,0.162399,0.660471,0.17713
165.0,0.161248,0.665233,0.173519
166.0,0.160157,0.67,0.169843
167.0,0.158987,0.674709,0.166304
168.0,0.157805,0.67949,0.162705
169.0,0.156722,0.684104,0.159174
170.0,0.155677,0.688517,0.155806
171.0,0.154604,0.693022,0.152374
172.0,0.15336,0.697734,0.148906
173.0,0.152014,0.702195,0.145791
174.0,0.150831,0.706561,0.142608
175.0,0.149514,0.711026,0.13946
176.0,0.148315,0.715407,0.136278
177.0,0.147126,0.719691,0.133183
178.0,0.145707,0.724092,0.130201
179.0,0.14444,0.728299,0.127261
180.0,0.143172,0.732535,0.124293
181.0,0.14176,0.736798,0.121442
182.0,0.140459,0.741017,0.118524
183.0,0.139029,0.745176,0.115795
184.0,0.137556,0.749373,0.113071
185.0,0.136137,0.753423,0.11044
186.0,0.134841,0.757369,0.10779
187.0,0.133362,0.761397,0.105241
188.0,0.13194,0.765373,0.102687
189.0,0.130561,0.769303,0.100136
190.0,0.129105,0.773154,0.097741
191.0,0.127662,0.777021,0.095317
192.0,0.126174,0.780801,0.093025
193.0,0.124672,0.784586,0.090742
194.0,0.123182,0.788227,0.088591
195.0,0.121814,0.791783,0.086403
196.0,0.120322,0.795397,0.084281
197.0,0.118883,0.798912,0.082205
198.0,0.117322,0.802559,0.080119
199.0,0.115938,0.806005,0.078057
200.0,0.114436,0.809544,0.07602
201.0,0.112811,0.813037,0.074152
202.0,0.111383,0.816365,0.072252
203.0,0.109987,0.819652,0.070361
204.0,0.108557,0.822875,0.068568
205.0,0.107056,0.826142,0.066802
206.0,0.105612,0.829274,0.065114
207.0,0.104096,0.832495,0.063409
208.0,0.102635,0.835608,0.061757
209.0,0.101244,0.838652,0.060104
210.0,0.099911,0.841586,0.058503
211.0,0.098479,0.844533,0.056988
212.0,0.097175,0.847372,0.055453
213.0,0.095873,0.85022,0.053907
214.0,0.094464,0.853111,0.052425
215.0,0.093063,0.85594,0.050997
216.0,0.091721,0.858684,0.049595
217.0,0.090352,0.86144,0.048208
218.0,0.089018,0.864144,0.046838
219.0,0.087645,0.866797,0.045558
220.0,0.086252,0.869455,0.044293
221.0,0.084887,0.872071,0.043042
222.0,0.083626,0.874569,0.041805
223.0,0.082274,0.877063,0.040663
224.0,0.080909,0.879599,0.039492
225.0,0.079631,0.882021,0.038348
226.0,0.078259,0.884475,0.037266
227.0,0.076872,0.886896,0.036232
228.0,0.075668,0.88919,0.035142
229.0,0.074464,0.891415,0.034121
230.0,0.073237,0.89367,0.033093
231.0,0.071911,0.89598,0.032109
232.0,0.070615,0.898219,0.031166
233.0,0.069397,0.900389,0.030214
234.0,0.068134,0.902476,0.02939
235.0,0.066904,0.904558,0.028538
236.0,0.065707,0.906638,0.027655
237.0,0.064459,0.908743,0.026798
238.0,0.063338,0.910634,0.026028
239.0,0.062204,0.912547,0.025249
240.0,0.061011,0.914543,0.024446
241.0,0.059843,0.916444,0.023713
242.0,0.058774,0.918217,0.023009
243.0,0.057613,0.920085,0.022302
244.0,0.056494,0.921893,0.021613
245.0,0.055403,0.923648,0.020949
246.0,0.054378,0.92532,0.020302
247.0,0.053304,0.927047,0.019649
248.0,0.052238,0.928707,0.019055
249.0,0.051227,0.93031,0.018463
250.0,0.05019,0.931913,0.017897
251.0,0.049194,0.933424,0.017382
252.0,0.048155,0.935031,0.016814
253.0,0.047194,0.93651,0.016296
254.0,0.046258,0.938014,0.015728
255.0,0.045304,0.939483,0.015213
256.0,0.044386,0.940925,0.014689
257.0,0.043471,0.942322,0.014207
258.0,0.042587,0.943684,0.013729
259.0,0.041625,0.945063,0.013312
260.0,0.040712,0.946399,0.012889
261.0,0.039862,0.947704,0.012434
262.0,0.039055,0.948943,0.012002
263.0,0.038225,0.950166,0.011609
264.0,0.037407,0.951362,0.011231
265.0,0.036625,0.952519,0.010856
266.0,0.035881,0.953658,0.010461
267.0,0.03504,0.954871,0.010089
268.0,0.034219,0.956032,0.009749
269.0,0.033459,0.957124,0.009417
270.0,0.032674,0.958218,0.009108
271.0,0.031938,0.959227,0.008835
272.0,0.03121,0.96026,0.00853
273.0,0.030565,0.961215,0.00822
274.0,0.029912,0.962168,0.00792
275.0,0.029199,0.963155,0.007646
276.0,0.02851,0.964094,0.007396
277.0,0.027822,0.965019,0.007159
278.0,0.027179,0.965929,0.006892
279.0,0.026471,0.966876,0.006653
280.0,0.025796,0.967758,0.006446
281.0,0.025202,0.968569,0.006229
282.0,0.024622,0.969368,0.00601
283.0,0.024072,0.970145,0.005783
284.0,0.023502,0.970929,0.005569
285.0,0.022896,0.971721,0.005383
286.0,0.022346,0.972472,0.005182
287.0,0.021767,0.973221,0.005012
288.0,0.021203,0.973962,0.004835
289.0,0.020696,0.974653,0.004651
290.0,0.020164,0.975358,0.004478
291.0,0.019655,0.976019,0.004326
292.0,0.019121,0.976694,0.004185
293.0,0.018609,0.97736,0.004031
294.0,0.018119,0.978002,0.003879
295.0,0.01765,0.978593,0.003757
296.0,0.01719,0.979217,0.003593
297.0,0.016729,0.979812,0.003459
298.0,0.016296,0.980378,0.003326
299.0,0.015854,0.980947,0.003199
300.0,0.015403,0.981526,0.003071
