0,1,0,0
16,0.99794,0.00089436,0.0011611
32,0.99589,0.0017854,0.0023213
48,0.99385,0.0026733,0.0034805
64,0.9918,0.0035578,0.0046388
80,0.98976,0.0044391,0.0057961
96,0.98773,0.0053172,0.0069525
112,0.9857,0.006192,0.008108
128,0.98367,0.0070636,0.0092624
144,0.98165,0.007932,0.010416
160,0.97963,0.0087972,0.011569
176,0.97762,0.0096592,0.01272
192,0.97561,0.010518,0.013871
208,0.97361,0.011374,0.015021
224,0.9716,0.012226,0.016169
240,0.96961,0.013075,0.017317
256,0.96761,0.013922,0.018464
272,0.96563,0.014765,0.01961
288,0.96364,0.015604,0.020755
304,0.96166,0.016441,0.021899
320,0.95968,0.017275,0.023042
336,0.95771,0.018105,0.024184
352,0.95574,0.018933,0.025325
368,0.95378,0.019757,0.026465
384,0.95182,0.020578,0.027605
400,0.94986,0.021396,0.028743
416,0.94791,0.022212,0.02988
432,0.94596,0.023024,0.031017
448,0.94402,0.023833,0.032152
464,0.94207,0.024639,0.033286
480,0.94014,0.025442,0.03442
496,0.93821,0.026241,0.035552
512,0.93628,0.027038,0.036684
528,0.93435,0.027832,0.037815
544,0.93243,0.028623,0.038944
560,0.93052,0.029411,0.040073
576,0.9286,0.030196,0.041201
592,0.92669,0.030978,0.042328
608,0.92479,0.031757,0.043453
624,0.92289,0.032533,0.044578
640,0.92099,0.033306,0.045702
656,0.9191,0.034076,0.046825
672,0.91721,0.034843,0.047947
688,0.91532,0.035608,0.049068
704,0.91344,0.036369,0.050188
720,0.91157,0.037127,0.051307
736,0.90969,0.037883,0.052425
752,0.90782,0.038636,0.053543
768,0.90596,0.039386,0.054659
784,0.90409,0.040132,0.055774
800,0.90224,0.040877,0.056888
816,0.90038,0.041618,0.058002
832,0.89853,0.042356,0.059114
848,0.89668,0.043092,0.060226
864,0.89484,0.043824,0.061336
880,0.893,0.044554,0.062446
896,0.89116,0.045281,0.063554
912,0.88933,0.046005,0.064662
928,0.88751,0.046727,0.065768
944,0.88568,0.047445,0.066874
960,0.88386,0.048161,0.067979
976,0.88204,0.048874,0.069082
992,0.88023,0.049584,0.070185
1008,0.87842,0.050292,0.071287
1024,0.87662,0.050997,0.072388
1040,0.87481,0.051699,0.073488
1056,0.87302,0.052398,0.074587
1072,0.87122,0.053094,0.075685
1088,0.86943,0.053788,0.076781
1104,0.86764,0.054479,0.077878
1120,0.86586,0.055168,0.078973
1136,0.86408,0.055853,0.080067
1152,0.8623,0.056536,0.08116
1168,0.86053,0.057217,0.082252
1184,0.85876,0.057894,0.083343
1200,0.857,0.058569,0.084433
1216,0.85524,0.059241,0.085523
1232,0.85348,0.059911,0.086611
1248,0.85172,0.060578,0.087698
1264,0.84997,0.061242,0.088785
1280,0.84823,0.061904,0.08987
1296,0.84648,0.062563,0.090955
1312,0.84474,0.063219,0.092038
1328,0.84301,0.063873,0.093121
1344,0.84127,0.064525,0.094202
1360,0.83954,0.065173,0.095283
1376,0.83782,0.065819,0.096362
1392,0.8361,0.066463,0.097441
1408,0.83438,0.067104,0.098519
1424,0.83266,0.067742,0.099596
1440,0.83095,0.068378,0.10067
1456,0.82924,0.069011,0.10175
1472,0.82754,0.069641,0.10282
1488,0.82584,0.070269,0.10389
1504,0.82414,0.070895,0.10496
1520,0.82245,0.071518,0.10604
1536,0.82076,0.072139,0.10711
1552,0.81907,0.072757,0.10817
1568,0.81738,0.073372,0.10924
1584,0.8157,0.073985,0.11031
1600,0.81403,0.074596,0.11138
1616,0.81236,0.075204,0.11244
1632,0.81069,0.075809,0.11351
1648,0.80902,0.076412,0.11457
1664,0.80736,0.077013,0.11563
1680,0.8057,0.077611,0.11669
1696,0.80404,0.078207,0.11775
1712,0.80239,0.0788,0.11881
1728,0.80074,0.079391,0.11987
1744,0.79909,0.07998,0.12093
1760,0.79745,0.080566,0.12198
1776,0.79581,0.081149,0.12304
1792,0.79418,0.081731,0.12409
1808,0.79254,0.082309,0.12515
1824,0.79091,0.082886,0.1262
1840,0.78929,0.08346,0.12725
1856,0.78767,0.084031,0.1283
1872,0.78605,0.084601,0.12935
1888,0.78443,0.085168,0.1304
1904,0.78282,0.085732,0.13145
1920,0.78121,0.086294,0.1325
1936,0.7796,0.086854,0.13354
1952,0.778,0.087412,0.13459
1968,0.7764,0.087967,0.13563
1984,0.77481,0.08852,0.13667
2000,0.77321,0.089071,0.13772
2016,0.77162,0.089619,0.13876
2032,0.77004,0.090165,0.1398
2048,0.76846,0.090709,0.14084
2064,0.76688,0.09125,0.14187
2080,0.7653,0.091789,0.14291
2096,0.76373,0.092326,0.14395
2112,0.76216,0.09286,0.14498
2128,0.76059,0.093393,0.14602
2144,0.75903,0.093923,0.14705
2160,0.75747,0.09445,0.14808
2176,0.75591,0.094976,0.14911
2192,0.75436,0.095499,0.15014
2208,0.75281,0.09602,0.15117
2224,0.75126,0.096539,0.1522
2240,0.74971,0.097056,0.15323
2256,0.74817,0.097571,0.15426
2272,0.74663,0.098083,0.15528
2288,0.7451,0.098593,0.15631
2304,0.74357,0.099101,0.15733
2320,0.74204,0.099607,0.15835
2336,0.74051,0.10011,0.15938
2352,0.73899,0.10061,0.1604
2368,0.73747,0.10111,0.16142
2384,0.73596,0.10161,0.16243
2400,0.73444,0.1021,0.16345
2416,0.73293,0.1026,0.16447
2432,0.73143,0.10309,0.16549
2448,0.72992,0.10358,0.1665
2464,0.72842,0.10406,0.16751
2480,0.72693,0.10455,0.16853
2496,0.72543,0.10503,0.16954
2512,0.72394,0.10551,0.17055
2528,0.72245,0.10599,0.17156
2544,0.72097,0.10646,0.17257
2560,0.71948,0.10694,0.17358
2576,0.71801,0.10741,0.17459
2592,0.71653,0.10788,0.17559
2608,0.71506,0.10835,0.1766
2624,0.71359,0.10881,0.1776
2640,0.71212,0.10927,0.17861
2656,0.71066,0.10974,0.17961
2672,0.70919,0.1102,0.18061
2688,0.70774,0.11065,0.18161
2704,0.70628,0.11111,0.18261
2720,0.70483,0.11156,0.18361
2736,0.70338,0.11201,0.18461
2752,0.70193,0.11246,0.1856
2768,0.70049,0.11291,0.1866
2784,0.69905,0.11335,0.18759
2800,0.69761,0.1138,0.18859
2816,0.69618,0.11424,0.18958
2832,0.69475,0.11468,0.19057
2848,0.69332,0.11512,0.19156
2864,0.6919,0.11555,0.19255
2880,0.69047,0.11598,0.19354
2896,0.68905,0.11642,0.19453
2912,0.68764,0.11684,0.19552
2928,0.68622,0.11727,0.1965
2944,0.68481,0.1177,0.19749
2960,0.6834,0.11812,0.19847
2976,0.682,0.11854,0.19946
2992,0.6806,0.11896,0.20044
3008,0.6792,0.11938,0.20142
3024,0.6778,0.1198,0.2024
3040,0.67641,0.12021,0.20338
3056,0.67502,0.12062,0.20436
3072,0.67363,0.12103,0.20534
3088,0.67225,0.12144,0.20631
3104,0.67086,0.12185,0.20729
3120,0.66948,0.12225,0.20827
3136,0.66811,0.12265,0.20924
3152,0.66673,0.12305,0.21021
3168,0.66536,0.12345,0.21118
3184,0.664,0.12385,0.21216
3200,0.66263,0.12424,0.21313
3216,0.66127,0.12464,0.21409
3232,0.65991,0.12503,0.21506
3248,0.65855,0.12542,0.21603
3264,0.6572,0.12581,0.217
3280,0.65585,0.12619,0.21796
3296,0.6545,0.12657,0.21893
3312,0.65315,0.12696,0.21989
3328,0.65181,0.12734,0.22085
3344,0.65047,0.12772,0.22181
3360,0.64913,0.12809,0.22277
3376,0.6478,0.12847,0.22373
3392,0.64647,0.12884,0.22469
3408,0.64514,0.12921,0.22565
3424,0.64381,0.12958,0.22661
3440,0.64249,0.12995,0.22756
3456,0.64117,0.13031,0.22852
3472,0.63985,0.13068,0.22947
3488,0.63853,0.13104,0.23042
3504,0.63722,0.1314,0.23138
3520,0.63591,0.13176,0.23233
3536,0.63461,0.13212,0.23328
3552,0.6333,0.13247,0.23423
3568,0.632,0.13283,0.23518
3584,0.6307,0.13318,0.23612
3600,0.6294,0.13353,0.23707
3616,0.62811,0.13388,0.23802
3632,0.62682,0.13422,0.23896
3648,0.62553,0.13457,0.2399
3664,0.62424,0.13491,0.24085
3680,0.62296,0.13525,0.24179
3696,0.62168,0.13559,0.24273
3712,0.6204,0.13593,0.24367
3728,0.61913,0.13627,0.24461
3744,0.61785,0.1366,0.24555
3760,0.61658,0.13693,0.24648
3776,0.61532,0.13727,0.24742
3792,0.61405,0.13759,0.24835
3808,0.61279,0.13792,0.24929
3824,0.61153,0.13825,0.25022
3840,0.61027,0.13857,0.25115
3856,0.60902,0.1389,0.25209
3872,0.60777,0.13922,0.25302
3888,0.60652,0.13954,0.25395
3904,0.60527,0.13986,0.25487
3920,0.60403,0.14017,0.2558
3936,0.60278,0.14049,0.25673
3952,0.60155,0.1408,0.25765
3968,0.60031,0.14111,0.25858
3984,0.59908,0.14142,0.2595
4000,0.59784,0.14173,0.26043
4016,0.59662,0.14204,0.26135
4032,0.59539,0.14234,0.26227
4048,0.59416,0.14265,0.26319
4064,0.59294,0.14295,0.26411
4080,0.59172,0.14325,0.26503
4096,0.59051,0.14355,0.26595
4112,0.58929,0.14384,0.26686
4128,0.58808,0.14414,0.26778
4144,0.58687,0.14443,0.26869
4160,0.58567,0.14473,0.26961
4176,0.58446,0.14502,0.27052
4192,0.58326,0.14531,0.27143
4208,0.58206,0.14559,0.27234
4224,0.58087,0.14588,0.27325
4240,0.57967,0.14616,0.27416
4256,0.57848,0.14645,0.27507
4272,0.57729,0.14673,0.27598
4288,0.57611,0.14701,0.27688
4304,0.57492,0.14729,0.27779
4320,0.57374,0.14757,0.27869
4336,0.57256,0.14784,0.2796
4352,0.57139,0.14812,0.2805
4368,0.57021,0.14839,0.2814
4384,0.56904,0.14866,0.2823
4400,0.56787,0.14893,0.2832
4416,0.5667,0.1492,0.2841
4432,0.56554,0.14946,0.285
4448,0.56438,0.14973,0.28589
4464,0.56322,0.14999,0.28679
4480,0.56206,0.15026,0.28769
4496,0.5609,0.15052,0.28858
4512,0.55975,0.15078,0.28947
4528,0.5586,0.15103,0.29037
4544,0.55745,0.15129,0.29126
4560,0.55631,0.15154,0.29215
4576,0.55516,0.1518,0.29304
4592,0.55402,0.15205,0.29393
4608,0.55288,0.1523,0.29482
4624,0.55175,0.15255,0.2957
4640,0.55061,0.1528,0.29659
4656,0.54948,0.15304,0.29747
4672,0.54835,0.15329,0.29836
4688,0.54723,0.15353,0.29924
4704,0.5461,0.15378,0.30012
4720,0.54498,0.15402,0.301
4736,0.54386,0.15426,0.30189
4752,0.54274,0.15449,0.30277
4768,0.54163,0.15473,0.30364
4784,0.54051,0.15497,0.30452
4800,0.5394,0.1552,0.3054
4816,0.53829,0.15543,0.30627
4832,0.53719,0.15566,0.30715
4848,0.53608,0.15589,0.30802
4864,0.53498,0.15612,0.3089
4880,0.53388,0.15635,0.30977
4896,0.53278,0.15657,0.31064
4912,0.53169,0.1568,0.31151
4928,0.5306,0.15702,0.31238
4944,0.52951,0.15724,0.31325
4960,0.52842,0.15746,0.31412
4976,0.52733,0.15768,0.31498
4992,0.52625,0.1579,0.31585
5008,0.52517,0.15812,0.31672
5024,0.52409,0.15833,0.31758
5040,0.52301,0.15855,0.31844
5056,0.52194,0.15876,0.31931
5072,0.52086,0.15897,0.32017
5088,0.51979,0.15918,0.32103
5104,0.51873,0.15939,0.32189
5120,0.51766,0.15959,0.32275
5136,0.5166,0.1598,0.3236
5152,0.51553,0.16001,0.32446
5168,0.51447,0.16021,0.32532
5184,0.51342,0.16041,0.32617
5200,0.51236,0.16061,0.32703
5216,0.51131,0.16081,0.32788
5232,0.51026,0.16101,0.32873
5248,0.50921,0.16121,0.32958
5264,0.50816,0.1614,0.33043
5280,0.50712,0.1616,0.33128
5296,0.50608,0.16179,0.33213
5312,0.50504,0.16198,0.33298
5328,0.504,0.16217,0.33383
5344,0.50296,0.16236,0.33467
5360,0.50193,0.16255,0.33552
5376,0.5009,0.16274,0.33636
5392,0.49987,0.16293,0.33721
5408,0.49884,0.16311,0.33805
5424,0.49782,0.16329,0.33889
5440,0.49679,0.16348,0.33973
5456,0.49577,0.16366,0.34057
5472,0.49475,0.16384,0.34141
5488,0.49374,0.16402,0.34225
5504,0.49272,0.16419,0.34309
5520,0.49171,0.16437,0.34392
5536,0.4907,0.16454,0.34476
5552,0.48969,0.16472,0.34559
5568,0.48868,0.16489,0.34643
5584,0.48768,0.16506,0.34726
5600,0.48668,0.16523,0.34809
5616,0.48568,0.1654,0.34892
5632,0.48468,0.16557,0.34975
5648,0.48368,0.16574,0.35058
5664,0.48269,0.1659,0.35141
5680,0.4817,0.16607,0.35224
5696,0.48071,0.16623,0.35306
5712,0.47972,0.16639,0.35389
5728,0.47873,0.16656,0.35471
5744,0.47775,0.16672,0.35554
5760,0.47677,0.16688,0.35636
5776,0.47579,0.16703,0.35718
5792,0.47481,0.16719,0.358
5808,0.47383,0.16735,0.35882
5824,0.47286,0.1675,0.35964
5840,0.47189,0.16765,0.36046
5856,0.47092,0.16781,0.36128
5872,0.46995,0.16796,0.36209
5888,0.46898,0.16811,0.36291
5904,0.46802,0.16826,0.36372
5920,0.46706,0.1684,0.36454
5936,0.4661,0.16855,0.36535
5952,0.46514,0.1687,0.36616
5968,0.46418,0.16884,0.36698
5984,0.46323,0.16899,0.36779
6000,0.46228,0.16913,0.3686
6016,0.46133,0.16927,0.3694
6032,0.46038,0.16941,0.37021
6048,0.45943,0.16955,0.37102
6064,0.45849,0.16969,0.37183
6080,0.45754,0.16983,0.37263
6096,0.4566,0.16996,0.37344
6112,0.45566,0.1701,0.37424
6128,0.45473,0.17023,0.37504
6144,0.45379,0.17036,0.37584
6160,0.45286,0.1705,0.37664
6176,0.45193,0.17063,0.37744
6192,0.451,0.17076,0.37824
6208,0.45007,0.17089,0.37904
6224,0.44915,0.17101,0.37984
6240,0.44822,0.17114,0.38063
6256,0.4473,0.17127,0.38143
6272,0.44638,0.17139,0.38223
6288,0.44547,0.17152,0.38302
6304,0.44455,0.17164,0.38381
6320,0.44364,0.17176,0.3846
6336,0.44272,0.17188,0.3854
6352,0.44181,0.172,0.38619
6368,0.44091,0.17212,0.38698
6384,0.44,0.17224,0.38776
6400,0.43909,0.17235,0.38855
6416,0.43819,0.17247,0.38934
6432,0.43729,0.17258,0.39013
6448,0.43639,0.1727,0.39091
6464,0.43549,0.17281,0.39169
6480,0.4346,0.17292,0.39248
6496,0.4337,0.17303,0.39326
6512,0.43281,0.17314,0.39404
6528,0.43192,0.17325,0.39482
6544,0.43104,0.17336,0.3956
6560,0.43015,0.17347,0.39638
6576,0.42926,0.17357,0.39716
6592,0.42838,0.17368,0.39794
6608,0.4275,0.17378,0.39872
6624,0.42662,0.17389,0.39949
6640,0.42574,0.17399,0.40027
6656,0.42487,0.17409,0.40104
6672,0.424,0.17419,0.40181
6688,0.42312,0.17429,0.40259
6704,0.42225,0.17439,0.40336
6720,0.42139,0.17449,0.40413
6736,0.42052,0.17458,0.4049
6752,0.41965,0.17468,0.40567
6768,0.41879,0.17477,0.40643
6784,0.41793,0.17487,0.4072
6800,0.41707,0.17496,0.40797
6816,0.41621,0.17505,0.40873
6832,0.41536,0.17514,0.4095
6848,0.4145,0.17523,0.41026
6864,0.41365,0.17532,0.41103
6880,0.4128,0.17541,0.41179
6896,0.41195,0.1755,0.41255
6912,0.41111,0.17559,0.41331
6928,0.41026,0.17567,0.41407
6944,0.40942,0.17576,0.41483
6960,0.40857,0.17584,0.41559
6976,0.40773,0.17592,0.41634
6992,0.4069,0.176,0.4171
7008,0.40606,0.17609,0.41785
7024,0.40522,0.17617,0.41861
7040,0.40439,0.17625,0.41936
7056,0.40356,0.17632,0.42012
7072,0.40273,0.1764,0.42087
7088,0.4019,0.17648,0.42162
7104,0.40108,0.17655,0.42237
7120,0.40025,0.17663,0.42312
7136,0.39943,0.1767,0.42387
7152,0.39861,0.17678,0.42462
7168,0.39779,0.17685,0.42536
7184,0.39697,0.17692,0.42611
7200,0.39615,0.17699,0.42685
7216,0.39534,0.17706,0.4276
7232,0.39453,0.17713,0.42834
7248,0.39371,0.1772,0.42909
7264,0.39291,0.17727,0.42983
7280,0.3921,0.17733,0.43057
7296,0.39129,0.1774,0.43131
7312,0.39049,0.17746,0.43205
7328,0.38968,0.17753,0.43279
7344,0.38888,0.17759,0.43353
7360,0.38808,0.17765,0.43426
7376,0.38729,0.17772,0.435
7392,0.38649,0.17778,0.43573
7408,0.38569,0.17784,0.43647
7424,0.3849,0.1779,0.4372
7440,0.38411,0.17795,0.43794
7456,0.38332,0.17801,0.43867
7472,0.38253,0.17807,0.4394
7488,0.38175,0.17812,0.44013
7504,0.38096,0.17818,0.44086
7520,0.38018,0.17823,0.44159
7536,0.3794,0.17829,0.44232
7552,0.37862,0.17834,0.44304
7568,0.37784,0.17839,0.44377
7584,0.37706,0.17844,0.4445
7600,0.37629,0.17849,0.44522
7616,0.37551,0.17854,0.44594
7632,0.37474,0.17859,0.44667
7648,0.37397,0.17864,0.44739
7664,0.3732,0.17869,0.44811
7680,0.37243,0.17873,0.44883
7696,0.37167,0.17878,0.44955
7712,0.3709,0.17883,0.45027
7728,0.37014,0.17887,0.45099
7744,0.36938,0.17891,0.45171
7760,0.36862,0.17896,0.45242
7776,0.36786,0.179,0.45314
7792,0.36711,0.17904,0.45385
7808,0.36635,0.17908,0.45457
7824,0.3656,0.17912,0.45528
7840,0.36485,0.17916,0.45599
7856,0.3641,0.1792,0.45671
7872,0.36335,0.17923,0.45742
7888,0.3626,0.17927,0.45813
7904,0.36186,0.17931,0.45884
7920,0.36111,0.17934,0.45954
7936,0.36037,0.17938,0.46025
7952,0.35963,0.17941,0.46096
7968,0.35889,0.17944,0.46167
7984,0.35815,0.17948,0.46237
8000,0.35742,0.17951,0.46307
8016,0.35668,0.17954,0.46378
8032,0.35595,0.17957,0.46448
8048,0.35522,0.1796,0.46518
8064,0.35449,0.17963,0.46588
8080,0.35376,0.17965,0.46659
8096,0.35303,0.17968,0.46729
8112,0.35231,0.17971,0.46798
8128,0.35158,0.17974,0.46868
8144,0.35086,0.17976,0.46938
8160,0.35014,0.17978,0.47008
8176,0.34942,0.17981,0.47077
8192,0.3487,0.17983,0.47147
8208,0.34798,0.17985,0.47216
8224,0.34727,0.17988,0.47285
8240,0.34656,0.1799,0.47355
8256,0.34584,0.17992,0.47424
8272,0.34513,0.17994,0.47493
8288,0.34442,0.17996,0.47562
8304,0.34372,0.17998,0.47631
8320,0.34301,0.17999,0.477
8336,0.3423,0.18001,0.47769
8352,0.3416,0.18003,0.47837
8368,0.3409,0.18004,0.47906
8384,0.3402,0.18006,0.47974
8400,0.3395,0.18007,0.48043
8416,0.3388,0.18009,0.48111
8432,0.3381,0.1801,0.4818
8448,0.33741,0.18011,0.48248
8464,0.33672,0.18012,0.48316
8480,0.33602,0.18014,0.48384
8496,0.33533,0.18015,0.48452
8512,0.33464,0.18016,0.4852
8528,0.33396,0.18017,0.48588
8544,0.33327,0.18017,0.48655
8560,0.33259,0.18018,0.48723
8576,0.3319,0.18019,0.48791
8592,0.33122,0.1802,0.48858
8608,0.33054,0.1802,0.48926
8624,0.32986,0.18021,0.48993
8640,0.32918,0.18021,0.4906
8656,0.32851,0.18022,0.49128
8672,0.32783,0.18022,0.49195
8688,0.32716,0.18022,0.49262
8704,0.32649,0.18023,0.49329
8720,0.32581,0.18023,0.49396
8736,0.32515,0.18023,0.49463
8752,0.32448,0.18023,0.49529
8768,0.32381,0.18023,0.49596
8784,0.32314,0.18023,0.49663
8800,0.32248,0.18023,0.49729
8816,0.32182,0.18023,0.49795
8832,0.32116,0.18022,0.49862
8848,0.3205,0.18022,0.49928
8864,0.31984,0.18022,0.49994
8880,0.31918,0.18021,0.5006
8896,0.31853,0.18021,0.50127
8912,0.31787,0.1802,0.50193
8928,0.31722,0.1802,0.50258
8944,0.31657,0.18019,0.50324
8960,0.31592,0.18018,0.5039
8976,0.31527,0.18018,0.50456
8992,0.31462,0.18017,0.50521
9008,0.31397,0.18016,0.50587
9024,0.31333,0.18015,0.50652
9040,0.31268,0.18014,0.50718
9056,0.31204,0.18013,0.50783
9072,0.3114,0.18012,0.50848
9088,0.31076,0.18011,0.50913
9104,0.31012,0.1801,0.50978
9120,0.30948,0.18008,0.51043
9136,0.30885,0.18007,0.51108
9152,0.30821,0.18006,0.51173
9168,0.30758,0.18004,0.51238
9184,0.30695,0.18003,0.51302
9200,0.30632,0.18001,0.51367
9216,0.30569,0.18,0.51432
9232,0.30506,0.17998,0.51496
9248,0.30443,0.17996,0.5156
9264,0.30381,0.17995,0.51625
9280,0.30318,0.17993,0.51689
9296,0.30256,0.17991,0.51753
9312,0.30194,0.17989,0.51817
9328,0.30132,0.17987,0.51881
9344,0.3007,0.17985,0.51945
9360,0.30008,0.17983,0.52009
9376,0.29947,0.17981,0.52073
9392,0.29885,0.17979,0.52136
9408,0.29824,0.17976,0.522
9424,0.29762,0.17974,0.52264
9440,0.29701,0.17972,0.52327
9456,0.2964,0.17969,0.5239
9472,0.29579,0.17967,0.52454
9488,0.29518,0.17965,0.52517
9504,0.29458,0.17962,0.5258
9520,0.29397,0.17959,0.52643
9536,0.29337,0.17957,0.52706
9552,0.29277,0.17954,0.52769
9568,0.29216,0.17951,0.52832
9584,0.29156,0.17949,0.52895
9600,0.29097,0.17946,0.52958
9616,0.29037,0.17943,0.5302
9632,0.28977,0.1794,0.53083
9648,0.28918,0.17937,0.53145
9664,0.28858,0.17934,0.53208
9680,0.28799,0.17931,0.5327
9696,0.2874,0.17928,0.53333
9712,0.28681,0.17925,0.53395
9728,0.28622,0.17921,0.53457
9744,0.28563,0.17918,0.53519
9760,0.28504,0.17915,0.53581
9776,0.28446,0.17912,0.53643
9792,0.28387,0.17908,0.53705
9808,0.28329,0.17905,0.53766
9824,0.28271,0.17901,0.53828
9840,0.28212,0.17898,0.5389
9856,0.28155,0.17894,0.53951
9872,0.28097,0.17891,0.54013
9888,0.28039,0.17887,0.54074
9904,0.27981,0.17883,0.54136
9920,0.27924,0.17879,0.54197
9936,0.27866,0.17876,0.54258
9952,0.27809,0.17872,0.54319
9968,0.27752,0.17868,0.5438
9984,0.27695,0.17864,0.54441
10000,0.27638,0.1786,0.54502
10016,0.27581,0.17856,0.54563
10032,0.27525,0.17852,0.54624
10048,0.27468,0.17848,0.54684
10064,0.27412,0.17844,0.54745
10080,0.27355,0.17839,0.54805
10096,0.27299,0.17835,0.54866
10112,0.27243,0.17831,0.54926
10128,0.27187,0.17827,0.54987
10144,0.27131,0.17822,0.55047
10160,0.27075,0.17818,0.55107
10176,0.2702,0.17813,0.55167
10192,0.26964,0.17809,0.55227
10208,0.26909,0.17804,0.55287
10224,0.26853,0.178,0.55347
10240,0.26798,0.17795,0.55407
10256,0.26743,0.17791,0.55466
10272,0.26688,0.17786,0.55526
10288,0.26633,0.17781,0.55586
10304,0.26579,0.17776,0.55645
10320,0.26524,0.17771,0.55705
10336,0.26469,0.17767,0.55764
10352,0.26415,0.17762,0.55823
10368,0.26361,0.17757,0.55883
10384,0.26306,0.17752,0.55942
10400,0.26252,0.17747,0.56001
10416,0.26198,0.17742,0.5606
10432,0.26145,0.17737,0.56119
10448,0.26091,0.17732,0.56178
10464,0.26037,0.17726,0.56236
10480,0.25984,0.17721,0.56295
10496,0.2593,0.17716,0.56354
10512,0.25877,0.17711,0.56412
10528,0.25824,0.17705,0.56471
10544,0.25771,0.177,0.56529
10560,0.25718,0.17695,0.56588
10576,0.25665,0.17689,0.56646
10592,0.25612,0.17684,0.56704
10608,0.25559,0.17678,0.56763
10624,0.25507,0.17673,0.56821
10640,0.25454,0.17667,0.56879
10656,0.25402,0.17661,0.56937
10672,0.2535,0.17656,0.56995
10688,0.25298,0.1765,0.57052
10704,0.25246,0.17644,0.5711
10720,0.25194,0.17639,0.57168
10736,0.25142,0.17633,0.57225
10752,0.2509,0.17627,0.57283
10768,0.25039,0.17621,0.5734
10784,0.24987,0.17615,0.57398
10800,0.24936,0.17609,0.57455
10816,0.24884,0.17603,0.57512
10832,0.24833,0.17597,0.5757
10848,0.24782,0.17591,0.57627
10864,0.24731,0.17585,0.57684
10880,0.2468,0.17579,0.57741
10896,0.2463,0.17573,0.57798
10912,0.24579,0.17566,0.57855
10928,0.24528,0.1756,0.57911
10944,0.24478,0.17554,0.57968
10960,0.24428,0.17548,0.58025
10976,0.24377,0.17541,0.58081
10992,0.24327,0.17535,0.58138
11008,0.24277,0.17528,0.58194
11024,0.24227,0.17522,0.58251
11040,0.24177,0.17516,0.58307
11056,0.24128,0.17509,0.58363
11072,0.24078,0.17502,0.58419
11088,0.24029,0.17496,0.58476
11104,0.23979,0.17489,0.58532
11120,0.2393,0.17483,0.58587
11136,0.23881,0.17476,0.58643
11152,0.23832,0.17469,0.58699
11168,0.23783,0.17462,0.58755
11184,0.23734,0.17456,0.58811
11200,0.23685,0.17449,0.58866
11216,0.23636,0.17442,0.58922
11232,0.23587,0.17435,0.58977
11248,0.23539,0.17428,0.59033
11264,0.23491,0.17421,0.59088
11280,0.23442,0.17414,0.59143
11296,0.23394,0.17407,0.59199
11312,0.23346,0.174,0.59254
11328,0.23298,0.17393,0.59309
11344,0.2325,0.17386,0.59364
11360,0.23202,0.17379,0.59419
11376,0.23154,0.17372,0.59474
11392,0.23107,0.17365,0.59529
11408,0.23059,0.17357,0.59583
11424,0.23012,0.1735,0.59638
11440,0.22965,0.17343,0.59693
11456,0.22917,0.17336,0.59747
11472,0.2287,0.17328,0.59802
11488,0.22823,0.17321,0.59856
11504,0.22776,0.17313,0.5991
11520,0.22729,0.17306,0.59965
11536,0.22683,0.17298,0.60019
11552,0.22636,0.17291,0.60073
11568,0.22589,0.17283,0.60127
11584,0.22543,0.17276,0.60181
11600,0.22497,0.17268,0.60235
11616,0.2245,0.17261,0.60289
11632,0.22404,0.17253,0.60343
11648,0.22358,0.17245,0.60397
11664,0.22312,0.17238,0.6045
11680,0.22266,0.1723,0.60504
11696,0.2222,0.17222,0.60557
11712,0.22175,0.17214,0.60611
11728,0.22129,0.17206,0.60664
11744,0.22084,0.17199,0.60718
11760,0.22038,0.17191,0.60771
11776,0.21993,0.17183,0.60824
11792,0.21948,0.17175,0.60877
11808,0.21903,0.17167,0.6093
11824,0.21858,0.17159,0.60984
11840,0.21813,0.17151,0.61036
11856,0.21768,0.17143,0.61089
11872,0.21723,0.17135,0.61142
11888,0.21678,0.17127,0.61195
11904,0.21634,0.17119,0.61248
11920,0.21589,0.1711,0.613
11936,0.21545,0.17102,0.61353
11952,0.21501,0.17094,0.61405
11968,0.21456,0.17086,0.61458
11984,0.21412,0.17077,0.6151
12000,0.21368,0.17069,0.61563
12016,0.21324,0.17061,0.61615
12032,0.2128,0.17053,0.61667
12048,0.21237,0.17044,0.61719
12064,0.21193,0.17036,0.61771
12080,0.21149,0.17027,0.61823
12096,0.21106,0.17019,0.61875
12112,0.21063,0.1701,0.61927
12128,0.21019,0.17002,0.61979
12144,0.20976,0.16993,0.62031
12160,0.20933,0.16985,0.62082
12176,0.2089,0.16976,0.62134
12192,0.20847,0.16968,0.62186
12208,0.20804,0.16959,0.62237
12224,0.20761,0.1695,0.62288
12240,0.20719,0.16942,0.6234
12256,0.20676,0.16933,0.62391
12272,0.20633,0.16924,0.62442
12288,0.20591,0.16915,0.62493
12304,0.20549,0.16907,0.62545
12320,0.20506,0.16898,0.62596
12336,0.20464,0.16889,0.62647
12352,0.20422,0.1688,0.62698
12368,0.2038,0.16871,0.62748
12384,0.20338,0.16862,0.62799
12400,0.20297,0.16853,0.6285
12416,0.20255,0.16845,0.62901
12432,0.20213,0.16836,0.62951
12448,0.20172,0.16827,0.63002
12464,0.2013,0.16818,0.63052
12480,0.20089,0.16809,0.63103
12496,0.20048,0.16799,0.63153
12512,0.20006,0.1679,0.63203
12528,0.19965,0.16781,0.63254
12544,0.19924,0.16772,0.63304
12560,0.19883,0.16763,0.63354
12576,0.19842,0.16754,0.63404
12592,0.19802,0.16745,0.63454
12608,0.19761,0.16735,0.63504
12624,0.1972,0.16726,0.63554
12640,0.1968,0.16717,0.63603
12656,0.19639,0.16708,0.63653
12672,0.19599,0.16698,0.63703
12688,0.19559,0.16689,0.63752
12704,0.19518,0.1668,0.63802
12720,0.19478,0.1667,0.63852
12736,0.19438,0.16661,0.63901
12752,0.19398,0.16651,0.6395
12768,0.19358,0.16642,0.64
12784,0.19319,0.16633,0.64049
12800,0.19279,0.16623,0.64098
12816,0.19239,0.16614,0.64147
12832,0.192,0.16604,0.64196
12848,0.1916,0.16594,0.64245
12864,0.19121,0.16585,0.64294
12880,0.19082,0.16575,0.64343
12896,0.19042,0.16566,0.64392
12912,0.19003,0.16556,0.64441
12928,0.18964,0.16546,0.64489
12944,0.18925,0.16537,0.64538
12960,0.18886,0.16527,0.64587
12976,0.18848,0.16517,0.64635
12992,0.18809,0.16508,0.64683
13008,0.1877,0.16498,0.64732
13024,0.18732,0.16488,0.6478
13040,0.18693,0.16478,0.64828
13056,0.18655,0.16469,0.64877
13072,0.18616,0.16459,0.64925
13088,0.18578,0.16449,0.64973
13104,0.1854,0.16439,0.65021
13120,0.18502,0.16429,0.65069
13136,0.18464,0.16419,0.65117
13152,0.18426,0.16409,0.65165
13168,0.18388,0.16399,0.65212
13184,0.1835,0.1639,0.6526
13200,0.18313,0.1638,0.65308
13216,0.18275,0.1637,0.65355
13232,0.18237,0.1636,0.65403
13248,0.182,0.1635,0.65451
13264,0.18163,0.1634,0.65498
13280,0.18125,0.16329,0.65545
13296,0.18088,0.16319,0.65593
13312,0.18051,0.16309,0.6564
13328,0.18014,0.16299,0.65687
13344,0.17977,0.16289,0.65734
13360,0.1794,0.16279,0.65781
13376,0.17903,0.16269,0.65828
13392,0.17866,0.16259,0.65875
13408,0.17829,0.16248,0.65922
13424,0.17793,0.16238,0.65969
13440,0.17756,0.16228,0.66016
13456,0.1772,0.16218,0.66063
13472,0.17683,0.16207,0.66109
13488,0.17647,0.16197,0.66156
13504,0.17611,0.16187,0.66202
13520,0.17575,0.16177,0.66249
13536,0.17539,0.16166,0.66295
13552,0.17502,0.16156,0.66342
13568,0.17467,0.16146,0.66388
13584,0.17431,0.16135,0.66434
13600,0.17395,0.16125,0.6648
13616,0.17359,0.16114,0.66527
13632,0.17323,0.16104,0.66573
13648,0.17288,0.16093,0.66619
13664,0.17252,0.16083,0.66665
13680,0.17217,0.16073,0.66711
13696,0.17182,0.16062,0.66756
13712,0.17146,0.16052,0.66802
13728,0.17111,0.16041,0.66848
13744,0.17076,0.16031,0.66894
13760,0.17041,0.1602,0.66939
13776,0.17006,0.16009,0.66985
13792,0.16971,0.15999,0.6703
13808,0.16936,0.15988,0.67076
13824,0.16901,0.15978,0.67121
13840,0.16867,0.15967,0.67166
13856,0.16832,0.15956,0.67212
13872,0.16797,0.15946,0.67257
13888,0.16763,0.15935,0.67302
13904,0.16728,0.15925,0.67347
13920,0.16694,0.15914,0.67392
13936,0.1666,0.15903,0.67437
13952,0.16625,0.15892,0.67482
13968,0.16591,0.15882,0.67527
13984,0.16557,0.15871,0.67572
14000,0.16523,0.1586,0.67617
14016,0.16489,0.15849,0.67661
14032,0.16455,0.15839,0.67706
14048,0.16422,0.15828,0.6775
14064,0.16388,0.15817,0.67795
14080,0.16354,0.15806,0.67839
14096,0.16321,0.15795,0.67884
14112,0.16287,0.15785,0.67928
14128,0.16254,0.15774,0.67973
14144,0.1622,0.15763,0.68017
14160,0.16187,0.15752,0.68061
14176,0.16154,0.15741,0.68105
14192,0.16121,0.1573,0.68149
14208,0.16087,0.15719,0.68193
14224,0.16054,0.15708,0.68237
14240,0.16021,0.15697,0.68281
14256,0.15989,0.15686,0.68325
14272,0.15956,0.15676,0.68369
14288,0.15923,0.15665,0.68413
14304,0.1589,0.15654,0.68456
14320,0.15858,0.15643,0.685
14336,0.15825,0.15632,0.68543
14352,0.15792,0.15621,0.68587
14368,0.1576,0.1561,0.6863
14384,0.15728,0.15598,0.68674
14400,0.15695,0.15587,0.68717
14416,0.15663,0.15576,0.6876
14432,0.15631,0.15565,0.68804
14448,0.15599,0.15554,0.68847
14464,0.15567,0.15543,0.6889
14480,0.15535,0.15532,0.68933
14496,0.15503,0.15521,0.68976
14512,0.15471,0.1551,0.69019
14528,0.15439,0.15499,0.69062
14544,0.15408,0.15488,0.69105
14560,0.15376,0.15476,0.69148
14576,0.15344,0.15465,0.6919
14592,0.15313,0.15454,0.69233
14608,0.15281,0.15443,0.69276
14624,0.1525,0.15432,0.69318
14640,0.15219,0.1542,0.69361
14656,0.15187,0.15409,0.69403
14672,0.15156,0.15398,0.69446
14688,0.15125,0.15387,0.69488
14704,0.15094,0.15376,0.69531
14720,0.15063,0.15364,0.69573
14736,0.15032,0.15353,0.69615
14752,0.15001,0.15342,0.69657
14768,0.1497,0.15331,0.69699
14784,0.1494,0.15319,0.69741
14800,0.14909,0.15308,0.69783
14816,0.14878,0.15297,0.69825
14832,0.14848,0.15285,0.69867
14848,0.14817,0.15274,0.69909
14864,0.14787,0.15263,0.69951
14880,0.14756,0.15251,0.69992
14896,0.14726,0.1524,0.70034
14912,0.14696,0.15229,0.70076
14928,0.14665,0.15217,0.70117
14944,0.14635,0.15206,0.70159
14960,0.14605,0.15195,0.702
14976,0.14575,0.15183,0.70242
14992,0.14545,0.15172,0.70283
15008,0.14515,0.1516,0.70324
15024,0.14486,0.15149,0.70365
15040,0.14456,0.15138,0.70407
15056,0.14426,0.15126,0.70448
15072,0.14396,0.15115,0.70489
15088,0.14367,0.15103,0.7053
15104,0.14337,0.15092,0.70571
15120,0.14308,0.1508,0.70612
15136,0.14278,0.15069,0.70653
15152,0.14249,0.15057,0.70693
15168,0.1422,0.15046,0.70734
15184,0.14191,0.15035,0.70775
15200,0.14161,0.15023,0.70816
15216,0.14132,0.15012,0.70856
15232,0.14103,0.15,0.70897
15248,0.14074,0.14989,0.70937
15264,0.14045,0.14977,0.70978
15280,0.14016,0.14966,0.71018
15296,0.13988,0.14954,0.71058
15312,0.13959,0.14943,0.71099
15328,0.1393,0.14931,0.71139
15344,0.13901,0.14919,0.71179
15360,0.13873,0.14908,0.71219
15376,0.13844,0.14896,0.71259
15392,0.13816,0.14885,0.71299
15408,0.13787,0.14873,0.71339
15424,0.13759,0.14862,0.71379
15440,0.13731,0.1485,0.71419
15456,0.13703,0.14838,0.71459
15472,0.13674,0.14827,0.71499
15488,0.13646,0.14815,0.71538
15504,0.13618,0.14804,0.71578
15520,0.1359,0.14792,0.71618
15536,0.13562,0.1478,0.71657
15552,0.13534,0.14769,0.71697
15568,0.13507,0.14757,0.71736
15584,0.13479,0.14746,0.71776
15600,0.13451,0.14734,0.71815
15616,0.13423,0.14722,0.71854
15632,0.13396,0.14711,0.71894
15648,0.13368,0.14699,0.71933
15664,0.13341,0.14687,0.71972
15680,0.13313,0.14676,0.72011
15696,0.13286,0.14664,0.7205
15712,0.13259,0.14652,0.72089
15728,0.13231,0.14641,0.72128
15744,0.13204,0.14629,0.72167
15760,0.13177,0.14617,0.72206
15776,0.1315,0.14606,0.72245
15792,0.13123,0.14594,0.72283
15808,0.13096,0.14582,0.72322
15824,0.13069,0.1457,0.72361
15840,0.13042,0.14559,0.72399
15856,0.13015,0.14547,0.72438
15872,0.12988,0.14535,0.72476
15888,0.12962,0.14523,0.72515
15904,0.12935,0.14512,0.72553
15920,0.12908,0.145,0.72592
15936,0.12882,0.14488,0.7263
15952,0.12855,0.14477,0.72668
15968,0.12829,0.14465,0.72706
15984,0.12802,0.14453,0.72745
16000,0.12776,0.14441,0.72783
16016,0.1275,0.14429,0.72821
16032,0.12724,0.14418,0.72859
16048,0.12697,0.14406,0.72897
16064,0.12671,0.14394,0.72935
16080,0.12645,0.14382,0.72972
16096,0.12619,0.14371,0.7301
16112,0.12593,0.14359,0.73048
16128,0.12567,0.14347,0.73086
16144,0.12541,0.14335,0.73123
16160,0.12516,0.14323,0.73161
16176,0.1249,0.14312,0.73199
16192,0.12464,0.143,0.73236
16208,0.12439,0.14288,0.73274
16224,0.12413,0.14276,0.73311
16240,0.12387,0.14264,0.73348
16256,0.12362,0.14252,0.73386
16272,0.12336,0.14241,0.73423
16288,0.12311,0.14229,0.7346
16304,0.12286,0.14217,0.73497
16320,0.1226,0.14205,0.73534
16336,0.12235,0.14193,0.73572
16352,0.1221,0.14181,0.73609
16368,0.12185,0.14169,0.73646
16384,0.1216,0.14158,0.73683
16400,0.12135,0.14146,0.73719
16416,0.1211,0.14134,0.73756
16432,0.12085,0.14122,0.73793
16448,0.1206,0.1411,0.7383
16464,0.12035,0.14098,0.73866
16480,0.12011,0.14086,0.73903
16496,0.11986,0.14074,0.7394
16512,0.11961,0.14063,0.73976
16528,0.11937,0.14051,0.74013
16544,0.11912,0.14039,0.74049
16560,0.11888,0.14027,0.74086
16576,0.11863,0.14015,0.74122
16592,0.11839,0.14003,0.74158
16608,0.11814,0.13991,0.74195
16624,0.1179,0.13979,0.74231
16640,0.11766,0.13967,0.74267
16656,0.11742,0.13955,0.74303
16672,0.11717,0.13944,0.74339
16688,0.11693,0.13932,0.74375
16704,0.11669,0.1392,0.74411
16720,0.11645,0.13908,0.74447
16736,0.11621,0.13896,0.74483
16752,0.11597,0.13884,0.74519
16768,0.11573,0.13872,0.74555
16784,0.1155,0.1386,0.7459
16800,0.11526,0.13848,0.74626
16816,0.11502,0.13836,0.74662
16832,0.11479,0.13824,0.74697
16848,0.11455,0.13812,0.74733
16864,0.11431,0.138,0.74768
16880,0.11408,0.13788,0.74804
16896,0.11384,0.13776,0.74839
16912,0.11361,0.13764,0.74875
16928,0.11338,0.13752,0.7491
16944,0.11314,0.13741,0.74945
16960,0.11291,0.13729,0.7498
16976,0.11268,0.13717,0.75016
16992,0.11245,0.13705,0.75051
17008,0.11221,0.13693,0.75086
17024,0.11198,0.13681,0.75121
17040,0.11175,0.13669,0.75156
17056,0.11152,0.13657,0.75191
17072,0.11129,0.13645,0.75226
17088,0.11107,0.13633,0.75261
17104,0.11084,0.13621,0.75295
17120,0.11061,0.13609,0.7533
17136,0.11038,0.13597,0.75365
17152,0.11015,0.13585,0.754
17168,0.10993,0.13573,0.75434
17184,0.1097,0.13561,0.75469
17200,0.10948,0.13549,0.75503
17216,0.10925,0.13537,0.75538
17232,0.10903,0.13525,0.75572
17248,0.1088,0.13513,0.75607
17264,0.10858,0.13501,0.75641
17280,0.10836,0.13489,0.75675
17296,0.10813,0.13477,0.7571
17312,0.10791,0.13465,0.75744
17328,0.10769,0.13453,0.75778
17344,0.10747,0.13441,0.75812
17360,0.10725,0.13429,0.75846
17376,0.10703,0.13417,0.7588
17392,0.10681,0.13405,0.75914
17408,0.10659,0.13393,0.75948
17424,0.10637,0.13381,0.75982
17440,0.10615,0.13369,0.76016
17456,0.10593,0.13357,0.7605
17472,0.10571,0.13345,0.76084
17488,0.10549,0.13333,0.76117
17504,0.10528,0.13321,0.76151
17520,0.10506,0.13309,0.76185
17536,0.10485,0.13297,0.76218
17552,0.10463,0.13285,0.76252
17568,0.10441,0.13273,0.76285
17584,0.1042,0.13261,0.76319
17600,0.10399,0.13249,0.76352
17616,0.10377,0.13237,0.76386
17632,0.10356,0.13225,0.76419
17648,0.10335,0.13213,0.76452
17664,0.10313,0.13201,0.76486
17680,0.10292,0.13189,0.76519
17696,0.10271,0.13177,0.76552
17712,0.1025,0.13165,0.76585
17728,0.10229,0.13153,0.76618
17744,0.10208,0.13141,0.76651
17760,0.10187,0.13129,0.76684
17776,0.10166,0.13117,0.76717
17792,0.10145,0.13105,0.7675
17808,0.10124,0.13093,0.76783
17824,0.10103,0.13081,0.76816
17840,0.10083,0.13069,0.76848
17856,0.10062,0.13057,0.76881
17872,0.10041,0.13045,0.76914
17888,0.1002,0.13033,0.76947
17904,0.099999,0.13021,0.76979
17920,0.099793,0.13009,0.77012
17936,0.099588,0.12997,0.77044
17952,0.099384,0.12985,0.77077
17968,0.099179,0.12973,0.77109
17984,0.098976,0.12961,0.77141
18000,0.098772,0.12949,0.77174
18016,0.098569,0.12937,0.77206
18032,0.098367,0.12925,0.77238
18048,0.098165,0.12913,0.77271
18064,0.097963,0.12901,0.77303
18080,0.097762,0.12889,0.77335
18096,0.097561,0.12877,0.77367
18112,0.09736,0.12865,0.77399
18128,0.09716,0.12853,0.77431
18144,0.096961,0.12841,0.77463
18160,0.096761,0.12829,0.77495
18176,0.096563,0.12817,0.77527
18192,0.096364,0.12805,0.77559
18208,0.096166,0.12793,0.7759
18224,0.095969,0.12781,0.77622
18240,0.095772,0.12769,0.77654
18256,0.095575,0.12757,0.77685
18272,0.095379,0.12745,0.77717
18288,0.095183,0.12733,0.77749
18304,0.094987,0.12721,0.7778
18320,0.094792,0.12709,0.77812
18336,0.094597,0.12697,0.77843
18352,0.094403,0.12685,0.77874
18368,0.094209,0.12673,0.77906
18384,0.094015,0.12661,0.77937
18400,0.093822,0.12649,0.77968
18416,0.09363,0.12637,0.78
18432,0.093437,0.12625,0.78031
18448,0.093245,0.12613,0.78062
18464,0.093054,0.12601,0.78093
18480,0.092863,0.12589,0.78124
18496,0.092672,0.12578,0.78155
18512,0.092482,0.12566,0.78186
18528,0.092292,0.12554,0.78217
18544,0.092102,0.12542,0.78248
18560,0.091913,0.1253,0.78279
18576,0.091724,0.12518,0.7831
18592,0.091536,0.12506,0.78341
18608,0.091348,0.12494,0.78371
18624,0.09116,0.12482,0.78402
18640,0.090973,0.1247,0.78433
18656,0.090786,0.12458,0.78463
18672,0.0906,0.12446,0.78494
18688,0.090414,0.12434,0.78524
18704,0.090228,0.12422,0.78555
18720,0.090043,0.1241,0.78585
18736,0.089858,0.12398,0.78616
18752,0.089674,0.12386,0.78646
18768,0.089489,0.12374,0.78677
18784,0.089306,0.12363,0.78707
18800,0.089122,0.12351,0.78737
18816,0.088939,0.12339,0.78767
18832,0.088757,0.12327,0.78798
18848,0.088575,0.12315,0.78828
18864,0.088393,0.12303,0.78858
18880,0.088211,0.12291,0.78888
18896,0.08803,0.12279,0.78918
18912,0.087849,0.12267,0.78948
18928,0.087669,0.12255,0.78978
18944,0.087489,0.12243,0.79008
18960,0.087309,0.12232,0.79037
18976,0.08713,0.1222,0.79067
18992,0.086951,0.12208,0.79097
19008,0.086773,0.12196,0.79127
19024,0.086595,0.12184,0.79156
19040,0.086417,0.12172,0.79186
19056,0.086239,0.1216,0.79216
19072,0.086062,0.12148,0.79245
19088,0.085886,0.12137,0.79275
19104,0.085709,0.12125,0.79304
19120,0.085533,0.12113,0.79334
19136,0.085358,0.12101,0.79363
19152,0.085183,0.12089,0.79393
19168,0.085008,0.12077,0.79422
19184,0.084833,0.12065,0.79451
19200,0.084659,0.12054,0.79481
19216,0.084485,0.12042,0.7951
19232,0.084312,0.1203,0.79539
19248,0.084139,0.12018,0.79568
19264,0.083966,0.12006,0.79597
19280,0.083794,0.11994,0.79626
19296,0.083622,0.11983,0.79655
19312,0.08345,0.11971,0.79684
19328,0.083279,0.11959,0.79713
19344,0.083108,0.11947,0.79742
19360,0.082937,0.11935,0.79771
19376,0.082767,0.11923,0.798
19392,0.082597,0.11912,0.79829
19408,0.082428,0.119,0.79857
19424,0.082258,0.11888,0.79886
19440,0.082089,0.11876,0.79915
19456,0.081921,0.11865,0.79943
19472,0.081753,0.11853,0.79972
19488,0.081585,0.11841,0.80001
19504,0.081418,0.11829,0.80029
19520,0.08125,0.11817,0.80058
19536,0.081084,0.11806,0.80086
19552,0.080917,0.11794,0.80114
19568,0.080751,0.11782,0.80143
19584,0.080585,0.1177,0.80171
19600,0.08042,0.11759,0.80199
19616,0.080255,0.11747,0.80228
19632,0.08009,0.11735,0.80256
19648,0.079926,0.11723,0.80284
19664,0.079762,0.11712,0.80312
19680,0.079598,0.117,0.8034
19696,0.079434,0.11688,0.80368
19712,0.079271,0.11676,0.80396
19728,0.079109,0.11665,0.80424
19744,0.078946,0.11653,0.80452
19760,0.078784,0.11641,0.8048
19776,0.078622,0.1163,0.80508
19792,0.078461,0.11618,0.80536
19808,0.0783,0.11606,0.80564
19824,0.078139,0.11595,0.80592
19840,0.077979,0.11583,0.80619
19856,0.077819,0.11571,0.80647
19872,0.077659,0.1156,0.80675
19888,0.077499,0.11548,0.80702
19904,0.07734,0.11536,0.8073
19920,0.077182,0.11525,0.80757
19936,0.077023,0.11513,0.80785
19952,0.076865,0.11501,0.80812
19968,0.076707,0.1149,0.8084
19984,0.07655,0.11478,0.80867
20000,0.076392,0.11466,0.80894
20016,0.076235,0.11455,0.80922
20032,0.076079,0.11443,0.80949
20048,0.075923,0.11431,0.80976
20064,0.075767,0.1142,0.81003
20080,0.075611,0.11408,0.81031
20096,0.075456,0.11397,0.81058
20112,0.075301,0.11385,0.81085
20128,0.075146,0.11373,0.81112
20144,0.074992,0.11362,0.81139
20160,0.074838,0.1135,0.81166
20176,0.074684,0.11339,0.81193
20192,0.074531,0.11327,0.8122
20208,0.074378,0.11316,0.81247
20224,0.074225,0.11304,0.81273
20240,0.074073,0.11292,0.813
20256,0.07392,0.11281,0.81327
20272,0.073769,0.11269,0.81354
20288,0.073617,0.11258,0.8138
20304,0.073466,0.11246,0.81407
20320,0.073315,0.11235,0.81434
20336,0.073164,0.11223,0.8146
20352,0.073014,0.11212,0.81487
20368,0.072864,0.112,0.81513
20384,0.072714,0.11189,0.8154
20400,0.072565,0.11177,0.81566
20416,0.072416,0.11166,0.81593
20432,0.072267,0.11154,0.81619
20448,0.072118,0.11143,0.81645
20464,0.07197,0.11131,0.81672
20480,0.071822,0.1112,0.81698
20496,0.071675,0.11108,0.81724
20512,0.071527,0.11097,0.8175
20528,0.07138,0.11085,0.81777
20544,0.071233,0.11074,0.81803
20560,0.071087,0.11063,0.81829
20576,0.070941,0.11051,0.81855
20592,0.070795,0.1104,0.81881
20608,0.07065,0.11028,0.81907
20624,0.070504,0.11017,0.81933
20640,0.070359,0.11005,0.81959
20656,0.070215,0.10994,0.81984
20672,0.07007,0.10983,0.8201
20688,0.069926,0.10971,0.82036
20704,0.069782,0.1096,0.82062
20720,0.069639,0.10948,0.82088
20736,0.069496,0.10937,0.82113
20752,0.069353,0.10926,0.82139
20768,0.06921,0.10914,0.82165
20784,0.069068,0.10903,0.8219
20800,0.068926,0.10892,0.82216
20816,0.068784,0.1088,0.82241
20832,0.068643,0.10869,0.82267
20848,0.068501,0.10858,0.82292
20864,0.06836,0.10846,0.82318
20880,0.06822,0.10835,0.82343
20896,0.06808,0.10824,0.82368
20912,0.067939,0.10812,0.82394
20928,0.0678,0.10801,0.82419
20944,0.06766,0.1079,0.82444
20960,0.067521,0.10779,0.82469
20976,0.067382,0.10767,0.82495
20992,0.067243,0.10756,0.8252
21008,0.067105,0.10745,0.82545
21024,0.066967,0.10733,0.8257
21040,0.066829,0.10722,0.82595
21056,0.066692,0.10711,0.8262
21072,0.066555,0.107,0.82645
21088,0.066418,0.10688,0.8267
21104,0.066281,0.10677,0.82695
21120,0.066145,0.10666,0.8272
21136,0.066008,0.10655,0.82744
21152,0.065873,0.10644,0.82769
21168,0.065737,0.10632,0.82794
21184,0.065602,0.10621,0.82819
21200,0.065467,0.1061,0.82843
21216,0.065332,0.10599,0.82868
21232,0.065198,0.10588,0.82893
21248,0.065063,0.10576,0.82917
21264,0.06493,0.10565,0.82942
21280,0.064796,0.10554,0.82966
21296,0.064663,0.10543,0.82991
21312,0.064529,0.10532,0.83015
21328,0.064397,0.10521,0.8304
21344,0.064264,0.10509,0.83064
21360,0.064132,0.10498,0.83089
21376,0.064,0.10487,0.83113
21392,0.063868,0.10476,0.83137
21408,0.063737,0.10465,0.83161
21424,0.063605,0.10454,0.83186
21440,0.063475,0.10443,0.8321
21456,0.063344,0.10432,0.83234
21472,0.063214,0.10421,0.83258
21488,0.063083,0.10409,0.83282
21504,0.062954,0.10398,0.83306
21520,0.062824,0.10387,0.8333
21536,0.062695,0.10376,0.83354
21552,0.062566,0.10365,0.83378
21568,0.062437,0.10354,0.83402
21584,0.062308,0.10343,0.83426
21600,0.06218,0.10332,0.8345
21616,0.062052,0.10321,0.83474
21632,0.061924,0.1031,0.83498
21648,0.061797,0.10299,0.83521
21664,0.06167,0.10288,0.83545
21680,0.061543,0.10277,0.83569
