0,1,0,0
1,0.99987,5.5994e-05,7.2598e-05
2,0.99949,0.0002239,0.00029037
3,0.99884,0.00050348,0.00065325
4,0.99794,0.00089436,0.0011611
5,0.99679,0.001396,0.0018138
6,0.99538,0.0020077,0.0026112
7,0.99372,0.0027289,0.003553
8,0.9918,0.0035586,0.0046388
9,0.98964,0.0044956,0.0058684
10,0.98722,0.0055385,0.0072415
11,0.98456,0.0066856,0.0087574
12,0.98165,0.0079354,0.010416
13,0.9785,0.0092861,0.012216
14,0.97511,0.010736,0.014158
15,0.97148,0.012283,0.016241
16,0.96761,0.013924,0.018464
17,0.96351,0.015659,0.020826
18,0.95919,0.017484,0.023328
19,0.95464,0.019397,0.025967
20,0.94986,0.021396,0.028743
21,0.94487,0.023478,0.031655
22,0.93966,0.02564,0.034703
23,0.93424,0.027879,0.037885
24,0.92861,0.030193,0.041201
25,0.92277,0.032579,0.044649
26,0.91674,0.035032,0.048228
27,0.91051,0.037551,0.051936
28,0.90409,0.040131,0.055774
29,0.89749,0.042769,0.05974
30,0.89071,0.045462,0.063831
31,0.88375,0.048205,0.068048
32,0.87662,0.050997,0.072388
33,0.86932,0.053832,0.076851
34,0.86186,0.056708,0.081434
35,0.85424,0.05962,0.086137
36,0.84648,0.062565,0.090957
37,0.83857,0.065539,0.095893
38,0.83052,0.068538,0.10094
39,0.82234,0.071558,0.10611
40,0.81402,0.074595,0.11138
41,0.80559,0.077647,0.11676
42,0.79704,0.080708,0.12225
43,0.78838,0.083776,0.12785
44,0.77961,0.086847,0.13355
45,0.77074,0.089916,0.13935
46,0.76177,0.092982,0.14524
47,0.75272,0.096039,0.15124
48,0.74358,0.099086,0.15733
49,0.73436,0.10212,0.16352
50,0.72508,0.10513,0.16979
51,0.71572,0.10812,0.17616
52,0.7063,0.11109,0.18261
53,0.69683,0.11402,0.18915
54,0.6873,0.11693,0.19577
55,0.67773,0.1198,0.20247
56,0.66813,0.12263,0.20924
57,0.65848,0.12542,0.21609
58,0.64881,0.12817,0.22302
59,0.63912,0.13087,0.23001
60,0.62941,0.13351,0.23707
61,0.6197,0.1361,0.2442
62,0.60997,0.13864,0.25139
63,0.60024,0.14111,0.25864
64,0.59052,0.14353,0.26595
65,0.5808,0.14588,0.27331
66,0.5711,0.14817,0.28073
67,0.56142,0.15039,0.28819
68,0.55176,0.15254,0.29571
69,0.54212,0.15462,0.30326
70,0.53252,0.15662,0.31086
71,0.52295,0.15855,0.3185
72,0.51342,0.16041,0.32617
73,0.50394,0.16219,0.33388
74,0.4945,0.16388,0.34162
75,0.48512,0.1655,0.34938
76,0.47579,0.16704,0.35717
77,0.46652,0.16849,0.36499
78,0.45731,0.16986,0.37282
79,0.44817,0.17115,0.38068
80,0.4391,0.17236,0.38855
81,0.4301,0.17347,0.39643
82,0.42118,0.17451,0.40432
83,0.41233,0.17545,0.41221
84,0.40357,0.17631,0.42011
85,0.3949,0.17709,0.42802
86,0.3863,0.17778,0.43592
87,0.3778,0.17838,0.44382
88,0.3694,0.17889,0.45171
89,0.36108,0.17932,0.45959
90,0.35286,0.17967,0.46747
91,0.34474,0.17993,0.47532
92,0.33673,0.18011,0.48316
93,0.32881,0.18021,0.49098
94,0.32099,0.18023,0.49878
95,0.31328,0.18017,0.50656
96,0.30567,0.18002,0.51431
97,0.29817,0.1798,0.52203
98,0.29078,0.17951,0.52972
99,0.2835,0.17913,0.53737
100,0.27633,0.17868,0.54499
101,0.26927,0.17815,0.55258
102,0.26233,0.17755,0.56012
103,0.2555,0.17688,0.56763
104,0.24878,0.17613,0.57509
105,0.24218,0.17531,0.58251
106,0.23569,0.17442,0.58988
107,0.22933,0.17347,0.5972
108,0.22307,0.17245,0.60448
109,0.21694,0.17137,0.6117
110,0.21092,0.17022,0.61886
111,0.20501,0.16902,0.62597
112,0.19922,0.16775,0.63303
113,0.19355,0.16643,0.64002
114,0.18799,0.16506,0.64695
115,0.18254,0.16364,0.65382
116,0.17721,0.16216,0.66063
117,0.17198,0.16064,0.66737
118,0.16687,0.15908,0.67405
119,0.16187,0.15748,0.68065
120,0.15697,0.15584,0.68719
121,0.15218,0.15416,0.69365
122,0.1475,0.15246,0.70004
123,0.14292,0.15072,0.70636
124,0.13845,0.14895,0.7126
125,0.13407,0.14716,0.71877
126,0.1298,0.14533,0.72486
127,0.12564,0.14348,0.73088
128,0.12157,0.14161,0.73682
129,0.11761,0.13971,0.74268
130,0.11375,0.13778,0.74847
131,0.10998,0.13584,0.75418
132,0.10632,0.13387,0.75981
133,0.10275,0.13189,0.76536
134,0.099279,0.12989,0.77083
135,0.095903,0.12787,0.77623
136,0.092619,0.12584,0.78154
137,0.089428,0.1238,0.78677
138,0.086327,0.12175,0.79193
139,0.083314,0.11969,0.797
140,0.080388,0.11762,0.80199
141,0.077547,0.11555,0.8069
142,0.074788,0.11348,0.81173
143,0.07211,0.11141,0.81648
144,0.06951,0.10934,0.82115
145,0.066986,0.10728,0.82573
146,0.064536,0.10523,0.83023
147,0.062157,0.10319,0.83466
148,0.059846,0.10116,0.83899
149,0.057602,0.099145,0.84325
150,0.055426,0.097143,0.84743
151,0.053317,0.095154,0.85153
152,0.051274,0.093177,0.85555
153,0.049295,0.091215,0.85949
154,0.047381,0.089266,0.86335
155,0.045529,0.087332,0.86714
156,0.043739,0.085413,0.87085
157,0.042009,0.08351,0.87448
158,0.040338,0.081623,0.87804
159,0.038725,0.079754,0.88152
160,0.037168,0.077902,0.88493
161,0.035666,0.076069,0.88826
162,0.034218,0.074256,0.89153
163,0.032821,0.072463,0.89472
164,0.031475,0.070691,0.89783
165,0.030177,0.068941,0.90088
166,0.028926,0.067214,0.90386
167,0.02772,0.065511,0.90677
168,0.026558,0.063833,0.90961
169,0.025438,0.062181,0.91238
170,0.024356,0.060556,0.91509
171,0.023313,0.058959,0.91773
172,0.022306,0.057391,0.9203
173,0.021337,0.055849,0.92281
174,0.020403,0.054333,0.92526
175,0.019506,0.052844,0.92765
176,0.018642,0.051381,0.92998
177,0.017812,0.049945,0.93224
178,0.017015,0.048534,0.93445
179,0.01625,0.04715,0.9366
180,0.015516,0.045792,0.93869
181,0.014812,0.04446,0.94073
182,0.014137,0.043154,0.94271
183,0.013489,0.041875,0.94464
184,0.012869,0.040621,0.94651
185,0.012275,0.039394,0.94833
186,0.011706,0.038193,0.9501
187,0.01116,0.037018,0.95182
188,0.010638,0.035869,0.95349
189,0.010137,0.034747,0.95512
190,0.0096558,0.033652,0.95669
191,0.0091944,0.032584,0.95822
192,0.0087521,0.031541,0.95971
193,0.0083286,0.030524,0.96115
194,0.0079234,0.029532,0.96255
195,0.0075358,0.028564,0.9639
196,0.0071653,0.027621,0.96521
197,0.0068114,0.026701,0.96649
198,0.0064735,0.025805,0.96772
199,0.0061511,0.024933,0.96892
200,0.0058434,0.024083,0.97007
201,0.0055501,0.023256,0.97119
202,0.0052704,0.022451,0.97228
203,0.0050038,0.021668,0.97333
204,0.0047496,0.020907,0.97434
205,0.0045073,0.020168,0.97533
206,0.0042762,0.019449,0.97627
207,0.0040557,0.018751,0.97719
208,0.0038451,0.018074,0.97808
209,0.0036442,0.017417,0.97894
210,0.0034527,0.01678,0.97977
211,0.0032704,0.016162,0.98057
212,0.0030969,0.015563,0.98134
213,0.0029318,0.014982,0.98209
214,0.0027749,0.014419,0.98281
215,0.0026258,0.013873,0.9835
216,0.0024842,0.013345,0.98417
217,0.0023497,0.012833,0.98482
218,0.0022221,0.012338,0.98544
219,0.002101,0.011859,0.98604
220,0.0019861,0.011396,0.98662
221,0.001877,0.010948,0.98718
222,0.0017734,0.010515,0.98771
223,0.001675,0.010096,0.98823
224,0.0015814,0.009692,0.98873
225,0.0014926,0.0093018,0.98921
226,0.0014084,0.008925,0.98967
227,0.0013285,0.0085613,0.99011
228,0.0012528,0.0082104,0.99054
229,0.0011812,0.0078719,0.99095
230,0.0011134,0.0075455,0.99134
231,0.0010493,0.0072308,0.99172
232,0.00098872,0.0069275,0.99208
233,0.00093145,0.0066353,0.99243
234,0.00087731,0.0063539,0.99277
235,0.00082614,0.0060829,0.99309
236,0.00077775,0.0058221,0.9934
237,0.00073197,0.005571,0.9937
238,0.00068863,0.0053295,0.99398
239,0.00064762,0.0050972,0.99426
240,0.00060887,0.0048738,0.99452
241,0.00057227,0.0046591,0.99477
242,0.00053774,0.0044527,0.99501
243,0.00050517,0.0042545,0.99524
244,0.00047448,0.0040641,0.99546
245,0.00044556,0.0038813,0.99567
246,0.00041833,0.0037058,0.99588
247,0.00039268,0.0035375,0.99607
248,0.00036854,0.0033759,0.99626
249,0.0003458,0.003221,0.99643
250,0.00032437,0.0030725,0.9966
251,0.00030416,0.00293,0.99677
252,0.0002851,0.0027935,0.99692
253,0.00026713,0.0026628,0.99707
254,0.00025023,0.0025375,0.99721
255,0.00023433,0.0024175,0.99735
256,0.00021939,0.0023026,0.99748
257,0.00020536,0.0021927,0.9976
258,0.00019219,0.0020876,0.99772
259,0.00017984,0.0019871,0.99783
260,0.00016825,0.0018909,0.99794
261,0.00015739,0.001799,0.99804
262,0.0001472,0.0017112,0.99814
263,0.00013764,0.0016273,0.99824
264,0.00012865,0.0015471,0.99832
265,0.00012019,0.0014705,0.99841
266,0.00011224,0.0013974,0.99849
267,0.00010477,0.0013275,0.99857
268,9.7759e-05,0.0012608,0.99864
269,9.1194e-05,0.0011972,0.99871
270,8.505e-05,0.0011366,0.99878
271,7.9309e-05,0.0010788,0.99884
272,7.3949e-05,0.0010237,0.9989
273,6.8947e-05,0.00097119,0.99896
274,6.4282e-05,0.0009212,0.99901
275,5.9932e-05,0.00087361,0.99907
276,5.5874e-05,0.00082829,0.99912
277,5.2084e-05,0.00078516,0.99916
278,4.8539e-05,0.0007441,0.99921
279,4.5214e-05,0.00070501,0.99925
280,4.2085e-05,0.0006678,0.99929
281,3.9144e-05,0.00063237,0.99933
282,3.6386e-05,0.00059865,0.99936
283,3.3807e-05,0.00056658,0.9994
284,3.1399e-05,0.0005361,0.99943
285,2.9155e-05,0.00050715,0.99946
286,2.7068e-05,0.00047967,0.99949
287,2.513e-05,0.00045358,0.99952
288,2.3334e-05,0.00042884,0.99955
289,2.167e-05,0.00040537,0.99957
290,2.013e-05,0.00038313,0.9996
291,1.8704e-05,0.00036204,0.99962
292,1.7383e-05,0.00034206,0.99964
293,1.6155e-05,0.00032311,0.99966
294,1.5012e-05,0.00030515,0.99968
295,1.3942e-05,0.00028811,0.9997
296,1.2933e-05,0.00027193,0.99972
297,1.1983e-05,0.00025659,0.99973
298,1.11e-05,0.00024205,0.99975
299,1.028e-05,0.00022829,0.99976
300,9.5179e-06,0.00021526,0.99978
