0,1,0,0
12,0.99846,0.00067108,0.00087093
24,0.99692,0.0013403,0.0017413
36,0.99538,0.0020077,0.0026112
48,0.99385,0.0026733,0.0034805
60,0.99231,0.003337,0.0043493
72,0.99078,0.0039989,0.0052176
84,0.98926,0.0046589,0.0060853
96,0.98773,0.0053172,0.0069525
108,0.98621,0.0059736,0.0078192
120,0.98469,0.0066282,0.0086853
132,0.98317,0.007281,0.0095509
144,0.98165,0.007932,0.010416
156,0.98014,0.0085812,0.01128
168,0.97863,0.0092286,0.012144
180,0.97712,0.0098742,0.013008
192,0.97561,0.010518,0.013871
204,0.97411,0.01116,0.014733
216,0.9726,0.0118,0.015595
228,0.9711,0.012439,0.016456
240,0.96961,0.013075,0.017317
252,0.96811,0.01371,0.018177
264,0.96662,0.014343,0.019037
276,0.96513,0.014975,0.019896
288,0.96364,0.015604,0.020755
300,0.96215,0.016232,0.021613
312,0.96067,0.016858,0.022471
324,0.95919,0.017483,0.023328
336,0.95771,0.018105,0.024184
348,0.95623,0.018726,0.02504
360,0.95476,0.019345,0.025895
372,0.95329,0.019963,0.02675
384,0.95182,0.020578,0.027605
396,0.95035,0.021192,0.028458
408,0.94888,0.021804,0.029312
420,0.94742,0.022415,0.030164
432,0.94596,0.023024,0.031017
444,0.9445,0.023631,0.031868
456,0.94304,0.024236,0.032719
468,0.94159,0.02484,0.03357
480,0.94014,0.025442,0.03442
492,0.93869,0.026042,0.035269
504,0.93724,0.02664,0.036118
516,0.9358,0.027237,0.036967
528,0.93435,0.027832,0.037815
540,0.93291,0.028426,0.038662
552,0.93147,0.029017,0.039509
564,0.93004,0.029608,0.040355
576,0.9286,0.030196,0.041201
588,0.92717,0.030783,0.042046
600,0.92574,0.031368,0.042891
612,0.92431,0.031951,0.043735
624,0.92289,0.032533,0.044578
636,0.92147,0.033113,0.045421
648,0.92004,0.033691,0.046264
660,0.91863,0.034268,0.047106
672,0.91721,0.034843,0.047947
684,0.9158,0.035417,0.048788
696,0.91438,0.035989,0.049628
708,0.91297,0.036559,0.050468
720,0.91157,0.037127,0.051307
732,0.91016,0.037694,0.052146
744,0.90876,0.03826,0.052984
756,0.90735,0.038823,0.053822
768,0.90596,0.039386,0.054659
780,0.90456,0.039946,0.055495
792,0.90316,0.040505,0.056331
804,0.90177,0.041062,0.057167
816,0.90038,0.041618,0.058002
828,0.89899,0.042172,0.058836
840,0.89761,0.042724,0.05967
852,0.89622,0.043275,0.060503
864,0.89484,0.043824,0.061336
876,0.89346,0.044372,0.062168
888,0.89208,0.044918,0.063
900,0.89071,0.045462,0.063831
912,0.88933,0.046005,0.064662
924,0.88796,0.046547,0.065492
936,0.88659,0.047086,0.066321
948,0.88523,0.047625,0.06715
960,0.88386,0.048161,0.067979
972,0.8825,0.048696,0.068807
984,0.88114,0.04923,0.069634
996,0.87978,0.049762,0.070461
1008,0.87842,0.050292,0.071287
1020,0.87707,0.050821,0.072113
1032,0.87571,0.051348,0.072938
1044,0.87436,0.051874,0.073762
1056,0.87302,0.052398,0.074587
1068,0.87167,0.052921,0.07541
1080,0.87033,0.053442,0.076233
1092,0.86898,0.053961,0.077056
1104,0.86764,0.054479,0.077878
1116,0.86631,0.054996,0.078699
1128,0.86497,0.055511,0.07952
1140,0.86364,0.056024,0.08034
1152,0.8623,0.056536,0.08116
1164,0.86097,0.057047,0.081979
1176,0.85965,0.057556,0.082798
1188,0.85832,0.058063,0.083616
1200,0.857,0.058569,0.084433
1212,0.85568,0.059074,0.08525
1224,0.85436,0.059577,0.086067
1236,0.85304,0.060078,0.086883
1248,0.85172,0.060578,0.087698
1260,0.85041,0.061076,0.088513
1272,0.8491,0.061573,0.089328
1284,0.84779,0.062069,0.090141
1296,0.84648,0.062563,0.090955
1308,0.84518,0.063056,0.091767
1320,0.84387,0.063547,0.09258
1332,0.84257,0.064036,0.093391
1344,0.84127,0.064525,0.094202
1356,0.83998,0.065011,0.095013
1368,0.83868,0.065496,0.095823
1380,0.83739,0.06598,0.096632
1392,0.8361,0.066463,0.097441
1404,0.83481,0.066944,0.09825
1416,0.83352,0.067423,0.099057
1428,0.83223,0.067901,0.099865
1440,0.83095,0.068378,0.10067
1452,0.82967,0.068853,0.10148
1464,0.82839,0.069326,0.10228
1476,0.82711,0.069799,0.10309
1488,0.82584,0.070269,0.10389
1500,0.82456,0.070739,0.1047
1512,0.82329,0.071207,0.1055
1524,0.82202,0.071673,0.1063
1536,0.82076,0.072139,0.10711
1548,0.81949,0.072602,0.10791
1560,0.81823,0.073065,0.10871
1572,0.81696,0.073526,0.10951
1584,0.8157,0.073985,0.11031
1596,0.81445,0.074443,0.11111
1608,0.81319,0.0749,0.11191
1620,0.81194,0.075355,0.11271
1632,0.81069,0.075809,0.11351
1644,0.80944,0.076262,0.1143
1656,0.80819,0.076713,0.1151
1668,0.80694,0.077163,0.1159
1680,0.8057,0.077611,0.11669
1692,0.80445,0.078058,0.11749
1704,0.80321,0.078504,0.11828
1716,0.80198,0.078948,0.11908
1728,0.80074,0.079391,0.11987
1740,0.7995,0.079833,0.12066
1752,0.79827,0.080273,0.12146
1764,0.79704,0.080712,0.12225
1776,0.79581,0.081149,0.12304
1788,0.79458,0.081585,0.12383
1800,0.79336,0.08202,0.12462
1812,0.79214,0.082454,0.12541
1824,0.79091,0.082886,0.1262
1836,0.78969,0.083317,0.12699
1848,0.78848,0.083746,0.12778
1860,0.78726,0.084174,0.12857
1872,0.78605,0.084601,0.12935
1884,0.78483,0.085026,0.13014
1896,0.78362,0.08545,0.13093
1908,0.78242,0.085873,0.13171
1920,0.78121,0.086294,0.1325
1932,0.78,0.086715,0.13328
1944,0.7788,0.087133,0.13406
1956,0.7776,0.087551,0.13485
1968,0.7764,0.087967,0.13563
1980,0.7752,0.088382,0.13641
1992,0.77401,0.088796,0.13719
2004,0.77282,0.089208,0.13798
2016,0.77162,0.089619,0.13876
2028,0.77043,0.090029,0.13954
2040,0.76925,0.090437,0.14032
2052,0.76806,0.090844,0.1411
2064,0.76688,0.09125,0.14187
2076,0.76569,0.091654,0.14265
2088,0.76451,0.092058,0.14343
2100,0.76333,0.09246,0.14421
2112,0.76216,0.09286,0.14498
2124,0.76098,0.09326,0.14576
2136,0.75981,0.093658,0.14653
2148,0.75864,0.094055,0.14731
2160,0.75747,0.09445,0.14808
2172,0.7563,0.094845,0.14886
2184,0.75513,0.095238,0.14963
2196,0.75397,0.09563,0.1504
2208,0.75281,0.09602,0.15117
2220,0.75164,0.09641,0.15195
2232,0.75049,0.096798,0.15272
2244,0.74933,0.097185,0.15349
2256,0.74817,0.097571,0.15426
2268,0.74702,0.097955,0.15503
2280,0.74587,0.098338,0.1558
2292,0.74472,0.09872,0.15656
2304,0.74357,0.099101,0.15733
2316,0.74242,0.09948,0.1581
2328,0.74128,0.099859,0.15886
2340,0.74013,0.10024,0.15963
2352,0.73899,0.10061,0.1604
2364,0.73785,0.10099,0.16116
2376,0.73671,0.10136,0.16193
2388,0.73558,0.10173,0.16269
2400,0.73444,0.1021,0.16345
2412,0.73331,0.10247,0.16422
2424,0.73218,0.10284,0.16498
2436,0.73105,0.10321,0.16574
2448,0.72992,0.10358,0.1665
2460,0.7288,0.10394,0.16726
2472,0.72767,0.1043,0.16802
2484,0.72655,0.10467,0.16878
2496,0.72543,0.10503,0.16954
2508,0.72431,0.10539,0.1703
2520,0.7232,0.10575,0.17106
2532,0.72208,0.10611,0.17181
2544,0.72097,0.10646,0.17257
2556,0.71986,0.10682,0.17333
2568,0.71874,0.10717,0.17408
2580,0.71764,0.10753,0.17484
2592,0.71653,0.10788,0.17559
2604,0.71542,0.10823,0.17635
2616,0.71432,0.10858,0.1771
2628,0.71322,0.10893,0.17785
2640,0.71212,0.10927,0.17861
2652,0.71102,0.10962,0.17936
2664,0.70992,0.10997,0.18011
2676,0.70883,0.11031,0.18086
2688,0.70774,0.11065,0.18161
2700,0.70665,0.11099,0.18236
2712,0.70556,0.11134,0.18311
2724,0.70447,0.11167,0.18386
2736,0.70338,0.11201,0.18461
2748,0.7023,0.11235,0.18535
2760,0.70121,0.11269,0.1861
2772,0.70013,0.11302,0.18685
2784,0.69905,0.11335,0.18759
2796,0.69797,0.11369,0.18834
2808,0.6969,0.11402,0.18908
2820,0.69582,0.11435,0.18983
2832,0.69475,0.11468,0.19057
2844,0.69368,0.11501,0.19132
2856,0.69261,0.11533,0.19206
2868,0.69154,0.11566,0.1928
2880,0.69047,0.11598,0.19354
2892,0.68941,0.11631,0.19428
2904,0.68834,0.11663,0.19502
2916,0.68728,0.11695,0.19576
2928,0.68622,0.11727,0.1965
2940,0.68516,0.11759,0.19724
2952,0.68411,0.11791,0.19798
2964,0.68305,0.11823,0.19872
2976,0.682,0.11854,0.19946
2988,0.68095,0.11886,0.20019
3000,0.6799,0.11917,0.20093
3012,0.67885,0.11948,0.20167
3024,0.6778,0.1198,0.2024
3036,0.67676,0.12011,0.20314
3048,0.67571,0.12042,0.20387
3060,0.67467,0.12072,0.2046
3072,0.67363,0.12103,0.20534
3084,0.67259,0.12134,0.20607
3096,0.67155,0.12164,0.2068
3108,0.67052,0.12195,0.20753
3120,0.66948,0.12225,0.20827
3132,0.66845,0.12255,0.209
3144,0.66742,0.12285,0.20973
3156,0.66639,0.12315,0.21046
3168,0.66536,0.12345,0.21118
3180,0.66434,0.12375,0.21191
3192,0.66331,0.12405,0.21264
3204,0.66229,0.12434,0.21337
3216,0.66127,0.12464,0.21409
3228,0.66025,0.12493,0.21482
3240,0.65923,0.12522,0.21555
3252,0.65821,0.12551,0.21627
3264,0.6572,0.12581,0.217
3276,0.65619,0.12609,0.21772
3288,0.65517,0.12638,0.21844
3300,0.65416,0.12667,0.21917
3312,0.65315,0.12696,0.21989
3324,0.65215,0.12724,0.22061
3336,0.65114,0.12753,0.22133
3348,0.65014,0.12781,0.22205
3360,0.64913,0.12809,0.22277
3372,0.64813,0.12837,0.22349
3384,0.64713,0.12865,0.22421
3396,0.64614,0.12893,0.22493
3408,0.64514,0.12921,0.22565
3420,0.64414,0.12949,0.22637
3432,0.64315,0.12976,0.22708
3444,0.64216,0.13004,0.2278
3456,0.64117,0.13031,0.22852
3468,0.64018,0.13059,0.22923
3480,0.63919,0.13086,0.22995
3492,0.63821,0.13113,0.23066
3504,0.63722,0.1314,0.23138
3516,0.63624,0.13167,0.23209
3528,0.63526,0.13194,0.2328
3540,0.63428,0.13221,0.23352
3552,0.6333,0.13247,0.23423
3564,0.63232,0.13274,0.23494
3576,0.63135,0.133,0.23565
3588,0.63038,0.13327,0.23636
3600,0.6294,0.13353,0.23707
3612,0.62843,0.13379,0.23778
3624,0.62746,0.13405,0.23849
3636,0.6265,0.13431,0.2392
3648,0.62553,0.13457,0.2399
3660,0.62456,0.13482,0.24061
3672,0.6236,0.13508,0.24132
3684,0.62264,0.13534,0.24202
3696,0.62168,0.13559,0.24273
3708,0.62072,0.13585,0.24343
3720,0.61976,0.1361,0.24414
3732,0.61881,0.13635,0.24484
3744,0.61785,0.1366,0.24555
3756,0.6169,0.13685,0.24625
3768,0.61595,0.1371,0.24695
3780,0.615,0.13735,0.24765
3792,0.61405,0.13759,0.24835
3804,0.6131,0.13784,0.24905
3816,0.61216,0.13809,0.24975
3828,0.61122,0.13833,0.25045
3840,0.61027,0.13857,0.25115
3852,0.60933,0.13882,0.25185
3864,0.60839,0.13906,0.25255
3876,0.60745,0.1393,0.25325
3888,0.60652,0.13954,0.25395
3900,0.60558,0.13978,0.25464
3912,0.60465,0.14001,0.25534
3924,0.60372,0.14025,0.25603
3936,0.60278,0.14049,0.25673
3948,0.60186,0.14072,0.25742
3960,0.60093,0.14096,0.25812
3972,0.6,0.14119,0.25881
3984,0.59908,0.14142,0.2595
3996,0.59815,0.14165,0.2602
4008,0.59723,0.14188,0.26089
4020,0.59631,0.14211,0.26158
4032,0.59539,0.14234,0.26227
4044,0.59447,0.14257,0.26296
4056,0.59355,0.1428,0.26365
4068,0.59264,0.14302,0.26434
4080,0.59172,0.14325,0.26503
4092,0.59081,0.14347,0.26572
4104,0.5899,0.1437,0.2664
4116,0.58899,0.14392,0.26709
4128,0.58808,0.14414,0.26778
4140,0.58718,0.14436,0.26846
4152,0.58627,0.14458,0.26915
4164,0.58537,0.1448,0.26983
4176,0.58446,0.14502,0.27052
4188,0.58356,0.14523,0.2712
4200,0.58266,0.14545,0.27189
4212,0.58177,0.14567,0.27257
4224,0.58087,0.14588,0.27325
4236,0.57997,0.14609,0.27393
4248,0.57908,0.14631,0.27461
4260,0.57819,0.14652,0.2753
4272,0.57729,0.14673,0.27598
4284,0.5764,0.14694,0.27666
4296,0.57552,0.14715,0.27734
4308,0.57463,0.14736,0.27801
4320,0.57374,0.14757,0.27869
4332,0.57286,0.14777,0.27937
4344,0.57197,0.14798,0.28005
4356,0.57109,0.14818,0.28072
4368,0.57021,0.14839,0.2814
4380,0.56933,0.14859,0.28208
4392,0.56845,0.14879,0.28275
4404,0.56758,0.149,0.28343
4416,0.5667,0.1492,0.2841
4428,0.56583,0.1494,0.28477
4440,0.56496,0.1496,0.28545
4452,0.56409,0.1498,0.28612
4464,0.56322,0.14999,0.28679
4476,0.56235,0.15019,0.28746
4488,0.56148,0.15039,0.28813
4500,0.56062,0.15058,0.2888
4512,0.55975,0.15078,0.28947
4524,0.55889,0.15097,0.29014
4536,0.55803,0.15116,0.29081
4548,0.55717,0.15135,0.29148
4560,0.55631,0.15154,0.29215
4572,0.55545,0.15173,0.29282
4584,0.55459,0.15192,0.29348
4596,0.55374,0.15211,0.29415
4608,0.55288,0.1523,0.29482
4620,0.55203,0.15249,0.29548
4632,0.55118,0.15267,0.29615
4644,0.55033,0.15286,0.29681
4656,0.54948,0.15304,0.29747
4668,0.54863,0.15323,0.29814
4680,0.54779,0.15341,0.2988
4692,0.54694,0.15359,0.29946
4704,0.5461,0.15378,0.30012
4716,0.54526,0.15396,0.30078
4728,0.54442,0.15414,0.30145
4740,0.54358,0.15432,0.30211
4752,0.54274,0.15449,0.30277
4764,0.5419,0.15467,0.30342
4776,0.54107,0.15485,0.30408
4788,0.54023,0.15502,0.30474
4800,0.5394,0.1552,0.3054
4812,0.53857,0.15537,0.30606
4824,0.53774,0.15555,0.30671
4836,0.53691,0.15572,0.30737
4848,0.53608,0.15589,0.30802
4860,0.53526,0.15606,0.30868
4872,0.53443,0.15624,0.30933
4884,0.53361,0.1564,0.30999
4896,0.53278,0.15657,0.31064
4908,0.53196,0.15674,0.31129
4920,0.53114,0.15691,0.31195
4932,0.53032,0.15708,0.3126
4944,0.52951,0.15724,0.31325
4956,0.52869,0.15741,0.3139
4968,0.52788,0.15757,0.31455
4980,0.52706,0.15774,0.3152
4992,0.52625,0.1579,0.31585
5004,0.52544,0.15806,0.3165
5016,0.52463,0.15822,0.31715
5028,0.52382,0.15839,0.3178
5040,0.52301,0.15855,0.31844
5052,0.5222,0.1587,0.31909
5064,0.5214,0.15886,0.31974
5076,0.5206,0.15902,0.32038
5088,0.51979,0.15918,0.32103
5100,0.51899,0.15934,0.32167
5112,0.51819,0.15949,0.32232
5124,0.51739,0.15965,0.32296
5136,0.5166,0.1598,0.3236
5148,0.5158,0.15995,0.32425
5160,0.515,0.16011,0.32489
5172,0.51421,0.16026,0.32553
5184,0.51342,0.16041,0.32617
5196,0.51263,0.16056,0.32681
5208,0.51184,0.16071,0.32745
5220,0.51105,0.16086,0.32809
5232,0.51026,0.16101,0.32873
5244,0.50947,0.16116,0.32937
5256,0.50869,0.16131,0.33001
5268,0.5079,0.16145,0.33065
5280,0.50712,0.1616,0.33128
5292,0.50634,0.16174,0.33192
5304,0.50556,0.16189,0.33256
5316,0.50478,0.16203,0.33319
5328,0.504,0.16217,0.33383
5340,0.50322,0.16232,0.33446
5352,0.50245,0.16246,0.3351
5364,0.50167,0.1626,0.33573
5376,0.5009,0.16274,0.33636
5388,0.50013,0.16288,0.337
5400,0.49935,0.16302,0.33763
5412,0.49858,0.16316,0.33826
5424,0.49782,0.16329,0.33889
5436,0.49705,0.16343,0.33952
5448,0.49628,0.16357,0.34015
5460,0.49552,0.1637,0.34078
5472,0.49475,0.16384,0.34141
5484,0.49399,0.16397,0.34204
5496,0.49323,0.1641,0.34267
5508,0.49247,0.16424,0.34329
5520,0.49171,0.16437,0.34392
5532,0.49095,0.1645,0.34455
5544,0.49019,0.16463,0.34517
5556,0.48944,0.16476,0.3458
5568,0.48868,0.16489,0.34643
5580,0.48793,0.16502,0.34705
5592,0.48718,0.16515,0.34767
5604,0.48643,0.16528,0.3483
5616,0.48568,0.1654,0.34892
5628,0.48493,0.16553,0.34954
5640,0.48418,0.16565,0.35017
5652,0.48343,0.16578,0.35079
5664,0.48269,0.1659,0.35141
5676,0.48194,0.16603,0.35203
5688,0.4812,0.16615,0.35265
5700,0.48046,0.16627,0.35327
5712,0.47972,0.16639,0.35389
5724,0.47898,0.16652,0.35451
5736,0.47824,0.16664,0.35512
5748,0.4775,0.16676,0.35574
5760,0.47677,0.16688,0.35636
5772,0.47603,0.16699,0.35698
5784,0.4753,0.16711,0.35759
5796,0.47456,0.16723,0.35821
5808,0.47383,0.16735,0.35882
5820,0.4731,0.16746,0.35944
5832,0.47237,0.16758,0.36005
5844,0.47164,0.16769,0.36066
5856,0.47092,0.16781,0.36128
5868,0.47019,0.16792,0.36189
5880,0.46947,0.16803,0.3625
5892,0.46874,0.16814,0.36311
5904,0.46802,0.16826,0.36372
5916,0.4673,0.16837,0.36434
5928,0.46658,0.16848,0.36495
5940,0.46586,0.16859,0.36556
5952,0.46514,0.1687,0.36616
5964,0.46442,0.16881,0.36677
5976,0.46371,0.16891,0.36738
5988,0.46299,0.16902,0.36799
6000,0.46228,0.16913,0.3686
6012,0.46156,0.16923,0.3692
6024,0.46085,0.16934,0.36981
6036,0.46014,0.16945,0.37041
6048,0.45943,0.16955,0.37102
6060,0.45872,0.16965,0.37162
6072,0.45802,0.16976,0.37223
6084,0.45731,0.16986,0.37283
6096,0.4566,0.16996,0.37344
6108,0.4559,0.17006,0.37404
6120,0.4552,0.17016,0.37464
6132,0.45449,0.17026,0.37524
6144,0.45379,0.17036,0.37584
6156,0.45309,0.17046,0.37644
6168,0.45239,0.17056,0.37704
6180,0.4517,0.17066,0.37764
6192,0.451,0.17076,0.37824
6204,0.4503,0.17085,0.37884
6216,0.44961,0.17095,0.37944
6228,0.44892,0.17105,0.38004
6240,0.44822,0.17114,0.38063
6252,0.44753,0.17124,0.38123
6264,0.44684,0.17133,0.38183
6276,0.44615,0.17142,0.38242
6288,0.44547,0.17152,0.38302
6300,0.44478,0.17161,0.38361
6312,0.44409,0.1717,0.38421
6324,0.44341,0.17179,0.3848
6336,0.44272,0.17188,0.3854
6348,0.44204,0.17197,0.38599
6360,0.44136,0.17206,0.38658
6372,0.44068,0.17215,0.38717
6384,0.44,0.17224,0.38776
6396,0.43932,0.17232,0.38836
6408,0.43864,0.17241,0.38895
6420,0.43797,0.1725,0.38954
6432,0.43729,0.17258,0.39013
6444,0.43662,0.17267,0.39071
6456,0.43594,0.17276,0.3913
6468,0.43527,0.17284,0.39189
6480,0.4346,0.17292,0.39248
6492,0.43393,0.17301,0.39307
6504,0.43326,0.17309,0.39365
6516,0.43259,0.17317,0.39424
6528,0.43192,0.17325,0.39482
6540,0.43126,0.17333,0.39541
6552,0.43059,0.17341,0.39599
6564,0.42993,0.17349,0.39658
6576,0.42926,0.17357,0.39716
6588,0.4286,0.17365,0.39774
6600,0.42794,0.17373,0.39833
6612,0.42728,0.17381,0.39891
6624,0.42662,0.17389,0.39949
6636,0.42596,0.17396,0.40007
6648,0.42531,0.17404,0.40065
6660,0.42465,0.17412,0.40123
6672,0.424,0.17419,0.40181
6684,0.42334,0.17427,0.40239
6696,0.42269,0.17434,0.40297
6708,0.42204,0.17441,0.40355
6720,0.42139,0.17449,0.40413
6732,0.42074,0.17456,0.40471
6744,0.42009,0.17463,0.40528
6756,0.41944,0.1747,0.40586
6768,0.41879,0.17477,0.40643
6780,0.41815,0.17484,0.40701
6792,0.4175,0.17491,0.40759
6804,0.41686,0.17498,0.40816
6816,0.41621,0.17505,0.40873
6828,0.41557,0.17512,0.40931
6840,0.41493,0.17519,0.40988
6852,0.41429,0.17526,0.41045
6864,0.41365,0.17532,0.41103
6876,0.41301,0.17539,0.4116
6888,0.41238,0.17545,0.41217
6900,0.41174,0.17552,0.41274
6912,0.41111,0.17559,0.41331
6924,0.41047,0.17565,0.41388
6936,0.40984,0.17571,0.41445
6948,0.40921,0.17578,0.41502
6960,0.40857,0.17584,0.41559
6972,0.40794,0.1759,0.41615
6984,0.40732,0.17596,0.41672
6996,0.40669,0.17602,0.41729
7008,0.40606,0.17609,0.41785
7020,0.40543,0.17615,0.41842
7032,0.40481,0.17621,0.41899
7044,0.40418,0.17627,0.41955
7056,0.40356,0.17632,0.42012
7068,0.40294,0.17638,0.42068
7080,0.40232,0.17644,0.42124
7092,0.4017,0.1765,0.42181
7104,0.40108,0.17655,0.42237
7116,0.40046,0.17661,0.42293
7128,0.39984,0.17667,0.42349
7140,0.39922,0.17672,0.42405
7152,0.39861,0.17678,0.42462
7164,0.39799,0.17683,0.42518
7176,0.39738,0.17689,0.42574
7188,0.39677,0.17694,0.4263
7200,0.39615,0.17699,0.42685
7212,0.39554,0.17704,0.42741
7224,0.39493,0.1771,0.42797
7236,0.39432,0.17715,0.42853
7248,0.39371,0.1772,0.42909
7260,0.39311,0.17725,0.42964
7272,0.3925,0.1773,0.4302
7284,0.3919,0.17735,0.43075
7296,0.39129,0.1774,0.43131
7308,0.39069,0.17745,0.43186
7320,0.39009,0.1775,0.43242
7332,0.38948,0.17754,0.43297
7344,0.38888,0.17759,0.43353
7356,0.38828,0.17764,0.43408
7368,0.38768,0.17768,0.43463
7380,0.38709,0.17773,0.43518
7392,0.38649,0.17778,0.43573
7404,0.38589,0.17782,0.43629
7416,0.3853,0.17787,0.43684
7428,0.3847,0.17791,0.43739
7440,0.38411,0.17795,0.43794
7452,0.38352,0.178,0.43848
7464,0.38293,0.17804,0.43903
7476,0.38234,0.17808,0.43958
7488,0.38175,0.17812,0.44013
7500,0.38116,0.17817,0.44068
7512,0.38057,0.17821,0.44122
7524,0.37998,0.17825,0.44177
7536,0.3794,0.17829,0.44232
7548,0.37881,0.17833,0.44286
7560,0.37823,0.17837,0.44341
7572,0.37764,0.17841,0.44395
7584,0.37706,0.17844,0.4445
7596,0.37648,0.17848,0.44504
7608,0.3759,0.17852,0.44558
7620,0.37532,0.17856,0.44612
7632,0.37474,0.17859,0.44667
7644,0.37416,0.17863,0.44721
7656,0.37359,0.17866,0.44775
7668,0.37301,0.1787,0.44829
7680,0.37243,0.17873,0.44883
7692,0.37186,0.17877,0.44937
7704,0.37129,0.1788,0.44991
7716,0.37071,0.17884,0.45045
7728,0.37014,0.17887,0.45099
7740,0.36957,0.1789,0.45153
7752,0.369,0.17893,0.45206
7764,0.36843,0.17897,0.4526
7776,0.36786,0.179,0.45314
7788,0.3673,0.17903,0.45367
7800,0.36673,0.17906,0.45421
7812,0.36616,0.17909,0.45475
7824,0.3656,0.17912,0.45528
7836,0.36504,0.17915,0.45582
7848,0.36447,0.17918,0.45635
7860,0.36391,0.17921,0.45688
7872,0.36335,0.17923,0.45742
7884,0.36279,0.17926,0.45795
7896,0.36223,0.17929,0.45848
7908,0.36167,0.17932,0.45901
7920,0.36111,0.17934,0.45954
7932,0.36056,0.17937,0.46008
7944,0.36,0.17939,0.46061
7956,0.35945,0.17942,0.46114
7968,0.35889,0.17944,0.46167
7980,0.35834,0.17947,0.46219
7992,0.35779,0.17949,0.46272
8004,0.35723,0.17952,0.46325
8016,0.35668,0.17954,0.46378
8028,0.35613,0.17956,0.46431
8040,0.35558,0.17958,0.46483
8052,0.35504,0.17961,0.46536
8064,0.35449,0.17963,0.46588
8076,0.35394,0.17965,0.46641
8088,0.3534,0.17967,0.46694
8100,0.35285,0.17969,0.46746
8112,0.35231,0.17971,0.46798
8124,0.35176,0.17973,0.46851
8136,0.35122,0.17975,0.46903
8148,0.35068,0.17977,0.46955
8160,0.35014,0.17978,0.47008
8172,0.3496,0.1798,0.4706
8184,0.34906,0.17982,0.47112
8196,0.34852,0.17984,0.47164
8208,0.34798,0.17985,0.47216
8220,0.34745,0.17987,0.47268
8232,0.34691,0.17989,0.4732
8244,0.34638,0.1799,0.47372
8256,0.34584,0.17992,0.47424
8268,0.34531,0.17993,0.47476
8280,0.34478,0.17995,0.47527
8292,0.34425,0.17996,0.47579
8304,0.34372,0.17998,0.47631
8316,0.34319,0.17999,0.47683
8328,0.34266,0.18,0.47734
8340,0.34213,0.18001,0.47786
8352,0.3416,0.18003,0.47837
8364,0.34107,0.18004,0.47889
8376,0.34055,0.18005,0.4794
8388,0.34002,0.18006,0.47992
8400,0.3395,0.18007,0.48043
8412,0.33898,0.18008,0.48094
8424,0.33845,0.18009,0.48145
8436,0.33793,0.1801,0.48197
8448,0.33741,0.18011,0.48248
8460,0.33689,0.18012,0.48299
8472,0.33637,0.18013,0.4835
8484,0.33585,0.18014,0.48401
8496,0.33533,0.18015,0.48452
8508,0.33482,0.18015,0.48503
8520,0.3343,0.18016,0.48554
8532,0.33379,0.18017,0.48605
8544,0.33327,0.18017,0.48655
8556,0.33276,0.18018,0.48706
8568,0.33224,0.18019,0.48757
8580,0.33173,0.18019,0.48808
8592,0.33122,0.1802,0.48858
8604,0.33071,0.1802,0.48909
8616,0.3302,0.18021,0.48959
8628,0.32969,0.18021,0.4901
8640,0.32918,0.18021,0.4906
8652,0.32868,0.18022,0.49111
8664,0.32817,0.18022,0.49161
8676,0.32766,0.18022,0.49212
8688,0.32716,0.18022,0.49262
8700,0.32665,0.18023,0.49312
8712,0.32615,0.18023,0.49362
8724,0.32565,0.18023,0.49412
8736,0.32515,0.18023,0.49463
8748,0.32464,0.18023,0.49513
8760,0.32414,0.18023,0.49563
8772,0.32364,0.18023,0.49613
8784,0.32314,0.18023,0.49663
8796,0.32265,0.18023,0.49712
8808,0.32215,0.18023,0.49762
8820,0.32165,0.18023,0.49812
8832,0.32116,0.18022,0.49862
8844,0.32066,0.18022,0.49912
8856,0.32017,0.18022,0.49961
8868,0.31967,0.18022,0.50011
8880,0.31918,0.18021,0.5006
8892,0.31869,0.18021,0.5011
8904,0.3182,0.18021,0.5016
8916,0.31771,0.1802,0.50209
8928,0.31722,0.1802,0.50258
8940,0.31673,0.18019,0.50308
8952,0.31624,0.18019,0.50357
8964,0.31575,0.18018,0.50406
8976,0.31527,0.18018,0.50456
8988,0.31478,0.18017,0.50505
9000,0.3143,0.18016,0.50554
9012,0.31381,0.18016,0.50603
9024,0.31333,0.18015,0.50652
9036,0.31284,0.18014,0.50701
9048,0.31236,0.18014,0.5075
9060,0.31188,0.18013,0.50799
9072,0.3114,0.18012,0.50848
9084,0.31092,0.18011,0.50897
9096,0.31044,0.1801,0.50946
9108,0.30996,0.18009,0.50995
9120,0.30948,0.18008,0.51043
9132,0.30901,0.18007,0.51092
9144,0.30853,0.18006,0.51141
9156,0.30806,0.18005,0.51189
9168,0.30758,0.18004,0.51238
9180,0.30711,0.18003,0.51286
9192,0.30663,0.18002,0.51335
9204,0.30616,0.18001,0.51383
9216,0.30569,0.18,0.51432
9228,0.30522,0.17998,0.5148
9240,0.30475,0.17997,0.51528
9252,0.30428,0.17996,0.51576
9264,0.30381,0.17995,0.51625
9276,0.30334,0.17993,0.51673
9288,0.30287,0.17992,0.51721
9300,0.30241,0.1799,0.51769
9312,0.30194,0.17989,0.51817
9324,0.30147,0.17987,0.51865
9336,0.30101,0.17986,0.51913
9348,0.30055,0.17984,0.51961
9360,0.30008,0.17983,0.52009
9372,0.29962,0.17981,0.52057
9384,0.29916,0.1798,0.52105
9396,0.2987,0.17978,0.52152
9408,0.29824,0.17976,0.522
9420,0.29778,0.17975,0.52248
9432,0.29732,0.17973,0.52295
9444,0.29686,0.17971,0.52343
9456,0.2964,0.17969,0.5239
9468,0.29594,0.17968,0.52438
9480,0.29549,0.17966,0.52485
9492,0.29503,0.17964,0.52533
9504,0.29458,0.17962,0.5258
9516,0.29412,0.1796,0.52628
9528,0.29367,0.17958,0.52675
9540,0.29322,0.17956,0.52722
9552,0.29277,0.17954,0.52769
9564,0.29231,0.17952,0.52816
9576,0.29186,0.1795,0.52864
9588,0.29141,0.17948,0.52911
9600,0.29097,0.17946,0.52958
9612,0.29052,0.17944,0.53005
9624,0.29007,0.17941,0.53052
9636,0.28962,0.17939,0.53099
9648,0.28918,0.17937,0.53145
9660,0.28873,0.17935,0.53192
9672,0.28828,0.17932,0.53239
9684,0.28784,0.1793,0.53286
9696,0.2874,0.17928,0.53333
9708,0.28695,0.17925,0.53379
9720,0.28651,0.17923,0.53426
9732,0.28607,0.17921,0.53472
9744,0.28563,0.17918,0.53519
9756,0.28519,0.17916,0.53565
9768,0.28475,0.17913,0.53612
9780,0.28431,0.17911,0.53658
9792,0.28387,0.17908,0.53705
9804,0.28343,0.17906,0.53751
9816,0.283,0.17903,0.53797
9828,0.28256,0.179,0.53844
9840,0.28212,0.17898,0.5389
9852,0.28169,0.17895,0.53936
9864,0.28126,0.17892,0.53982
9876,0.28082,0.1789,0.54028
9888,0.28039,0.17887,0.54074
9900,0.27996,0.17884,0.5412
9912,0.27953,0.17881,0.54166
9924,0.27909,0.17878,0.54212
9936,0.27866,0.17876,0.54258
9948,0.27823,0.17873,0.54304
9960,0.27781,0.1787,0.5435
9972,0.27738,0.17867,0.54395
9984,0.27695,0.17864,0.54441
9996,0.27652,0.17861,0.54487
10008,0.2761,0.17858,0.54532
10020,0.27567,0.17855,0.54578
10032,0.27525,0.17852,0.54624
10044,0.27482,0.17849,0.54669
10056,0.2744,0.17846,0.54715
10068,0.27397,0.17843,0.5476
10080,0.27355,0.17839,0.54805
10092,0.27313,0.17836,0.54851
10104,0.27271,0.17833,0.54896
10116,0.27229,0.1783,0.54941
10128,0.27187,0.17827,0.54987
10140,0.27145,0.17823,0.55032
10152,0.27103,0.1782,0.55077
10164,0.27061,0.17817,0.55122
10176,0.2702,0.17813,0.55167
10188,0.26978,0.1781,0.55212
10200,0.26936,0.17807,0.55257
10212,0.26895,0.17803,0.55302
10224,0.26853,0.178,0.55347
10236,0.26812,0.17796,0.55392
10248,0.26771,0.17793,0.55437
10260,0.26729,0.17789,0.55481
10272,0.26688,0.17786,0.55526
10284,0.26647,0.17782,0.55571
10296,0.26606,0.17779,0.55615
10308,0.26565,0.17775,0.5566
10320,0.26524,0.17771,0.55705
10332,0.26483,0.17768,0.55749
10344,0.26442,0.17764,0.55794
10356,0.26401,0.17761,0.55838
10368,0.26361,0.17757,0.55883
10380,0.2632,0.17753,0.55927
10392,0.26279,0.17749,0.55971
10404,0.26239,0.17746,0.56016
10416,0.26198,0.17742,0.5606
10428,0.26158,0.17738,0.56104
10440,0.26118,0.17734,0.56148
10452,0.26077,0.1773,0.56192
10464,0.26037,0.17726,0.56236
10476,0.25997,0.17722,0.56281
10488,0.25957,0.17719,0.56325
10500,0.25917,0.17715,0.56369
10512,0.25877,0.17711,0.56412
10524,0.25837,0.17707,0.56456
10536,0.25797,0.17703,0.565
10548,0.25757,0.17699,0.56544
10560,0.25718,0.17695,0.56588
10572,0.25678,0.1769,0.56632
10584,0.25638,0.17686,0.56675
10596,0.25599,0.17682,0.56719
10608,0.25559,0.17678,0.56763
10620,0.2552,0.17674,0.56806
10632,0.2548,0.1767,0.5685
10644,0.25441,0.17666,0.56893
10656,0.25402,0.17661,0.56937
10668,0.25363,0.17657,0.5698
10680,0.25324,0.17653,0.57024
10692,0.25285,0.17649,0.57067
10704,0.25246,0.17644,0.5711
10716,0.25207,0.1764,0.57153
10728,0.25168,0.17636,0.57197
10740,0.25129,0.17631,0.5724
10752,0.2509,0.17627,0.57283
10764,0.25051,0.17622,0.57326
10776,0.25013,0.17618,0.57369
10788,0.24974,0.17614,0.57412
10800,0.24936,0.17609,0.57455
10812,0.24897,0.17605,0.57498
10824,0.24859,0.176,0.57541
10836,0.2482,0.17596,0.57584
10848,0.24782,0.17591,0.57627
10860,0.24744,0.17586,0.5767
10872,0.24706,0.17582,0.57712
10884,0.24668,0.17577,0.57755
10896,0.2463,0.17573,0.57798
10908,0.24592,0.17568,0.5784
10920,0.24554,0.17563,0.57883
10932,0.24516,0.17559,0.57926
10944,0.24478,0.17554,0.57968
10956,0.2444,0.17549,0.58011
10968,0.24402,0.17544,0.58053
10980,0.24365,0.1754,0.58096
10992,0.24327,0.17535,0.58138
11004,0.2429,0.1753,0.5818
11016,0.24252,0.17525,0.58223
11028,0.24215,0.1752,0.58265
11040,0.24177,0.17516,0.58307
11052,0.2414,0.17511,0.58349
11064,0.24103,0.17506,0.58391
11076,0.24066,0.17501,0.58433
11088,0.24029,0.17496,0.58476
11100,0.23992,0.17491,0.58518
11112,0.23955,0.17486,0.5856
11124,0.23918,0.17481,0.58601
11136,0.23881,0.17476,0.58643
11148,0.23844,0.17471,0.58685
11160,0.23807,0.17466,0.58727
11172,0.2377,0.17461,0.58769
11184,0.23734,0.17456,0.58811
11196,0.23697,0.17451,0.58852
11208,0.2366,0.17445,0.58894
11220,0.23624,0.1744,0.58936
11232,0.23587,0.17435,0.58977
11244,0.23551,0.1743,0.59019
11256,0.23515,0.17425,0.5906
11268,0.23478,0.1742,0.59102
11280,0.23442,0.17414,0.59143
11292,0.23406,0.17409,0.59185
11304,0.2337,0.17404,0.59226
11316,0.23334,0.17399,0.59268
11328,0.23298,0.17393,0.59309
11340,0.23262,0.17388,0.5935
11352,0.23226,0.17383,0.59391
11364,0.2319,0.17377,0.59433
11376,0.23154,0.17372,0.59474
11388,0.23119,0.17366,0.59515
11400,0.23083,0.17361,0.59556
11412,0.23047,0.17356,0.59597
11424,0.23012,0.1735,0.59638
11436,0.22976,0.17345,0.59679
11448,0.22941,0.17339,0.5972
11460,0.22906,0.17334,0.59761
11472,0.2287,0.17328,0.59802
11484,0.22835,0.17323,0.59842
11496,0.228,0.17317,0.59883
11508,0.22765,0.17312,0.59924
11520,0.22729,0.17306,0.59965
11532,0.22694,0.173,0.60005
11544,0.22659,0.17295,0.60046
11556,0.22624,0.17289,0.60087
11568,0.22589,0.17283,0.60127
11580,0.22555,0.17278,0.60168
11592,0.2252,0.17272,0.60208
11604,0.22485,0.17266,0.60249
11616,0.2245,0.17261,0.60289
11628,0.22416,0.17255,0.60329
11640,0.22381,0.17249,0.6037
11652,0.22347,0.17243,0.6041
11664,0.22312,0.17238,0.6045
11676,0.22278,0.17232,0.6049
11688,0.22243,0.17226,0.60531
11700,0.22209,0.1722,0.60571
11712,0.22175,0.17214,0.60611
11724,0.22141,0.17208,0.60651
11736,0.22106,0.17203,0.60691
11748,0.22072,0.17197,0.60731
11760,0.22038,0.17191,0.60771
11772,0.22004,0.17185,0.60811
11784,0.2197,0.17179,0.60851
11796,0.21936,0.17173,0.60891
11808,0.21903,0.17167,0.6093
11820,0.21869,0.17161,0.6097
11832,0.21835,0.17155,0.6101
11844,0.21801,0.17149,0.6105
11856,0.21768,0.17143,0.61089
11868,0.21734,0.17137,0.61129
11880,0.21701,0.17131,0.61169
11892,0.21667,0.17125,0.61208
11904,0.21634,0.17119,0.61248
11916,0.216,0.17112,0.61287
11928,0.21567,0.17106,0.61327
11940,0.21534,0.171,0.61366
11952,0.21501,0.17094,0.61405
11964,0.21467,0.17088,0.61445
11976,0.21434,0.17082,0.61484
11988,0.21401,0.17075,0.61523
12000,0.21368,0.17069,0.61563
12012,0.21335,0.17063,0.61602
12024,0.21302,0.17057,0.61641
12036,0.21269,0.1705,0.6168
12048,0.21237,0.17044,0.61719
12060,0.21204,0.17038,0.61758
12072,0.21171,0.17032,0.61797
12084,0.21139,0.17025,0.61836
12096,0.21106,0.17019,0.61875
12108,0.21073,0.17012,0.61914
12120,0.21041,0.17006,0.61953
12132,0.21008,0.17,0.61992
12144,0.20976,0.16993,0.62031
12156,0.20944,0.16987,0.62069
12168,0.20911,0.16981,0.62108
12180,0.20879,0.16974,0.62147
12192,0.20847,0.16968,0.62186
12204,0.20815,0.16961,0.62224
12216,0.20783,0.16955,0.62263
12228,0.20751,0.16948,0.62301
12240,0.20719,0.16942,0.6234
12252,0.20687,0.16935,0.62378
12264,0.20655,0.16929,0.62417
12276,0.20623,0.16922,0.62455
12288,0.20591,0.16915,0.62493
12300,0.20559,0.16909,0.62532
12312,0.20528,0.16902,0.6257
12324,0.20496,0.16896,0.62608
12336,0.20464,0.16889,0.62647
12348,0.20433,0.16882,0.62685
12360,0.20401,0.16876,0.62723
12372,0.2037,0.16869,0.62761
12384,0.20338,0.16862,0.62799
12396,0.20307,0.16856,0.62837
12408,0.20276,0.16849,0.62875
12420,0.20244,0.16842,0.62913
12432,0.20213,0.16836,0.62951
12444,0.20182,0.16829,0.62989
12456,0.20151,0.16822,0.63027
12468,0.2012,0.16815,0.63065
12480,0.20089,0.16809,0.63103
12492,0.20058,0.16802,0.6314
12504,0.20027,0.16795,0.63178
12516,0.19996,0.16788,0.63216
12528,0.19965,0.16781,0.63254
12540,0.19934,0.16774,0.63291
12552,0.19904,0.16768,0.63329
12564,0.19873,0.16761,0.63366
12576,0.19842,0.16754,0.63404
12588,0.19812,0.16747,0.63441
12600,0.19781,0.1674,0.63479
12612,0.19751,0.16733,0.63516
12624,0.1972,0.16726,0.63554
12636,0.1969,0.16719,0.63591
12648,0.19659,0.16712,0.63628
12660,0.19629,0.16705,0.63666
12672,0.19599,0.16698,0.63703
12684,0.19569,0.16691,0.6374
12696,0.19538,0.16684,0.63777
12708,0.19508,0.16677,0.63814
12720,0.19478,0.1667,0.63852
12732,0.19448,0.16663,0.63889
12744,0.19418,0.16656,0.63926
12756,0.19388,0.16649,0.63963
12768,0.19358,0.16642,0.64
12780,0.19329,0.16635,0.64037
12792,0.19299,0.16628,0.64073
12804,0.19269,0.16621,0.6411
12816,0.19239,0.16614,0.64147
12828,0.1921,0.16606,0.64184
12840,0.1918,0.16599,0.64221
12852,0.1915,0.16592,0.64257
12864,0.19121,0.16585,0.64294
12876,0.19091,0.16578,0.64331
12888,0.19062,0.16571,0.64367
12900,0.19033,0.16563,0.64404
12912,0.19003,0.16556,0.64441
12924,0.18974,0.16549,0.64477
12936,0.18945,0.16542,0.64514
12948,0.18916,0.16534,0.6455
12960,0.18886,0.16527,0.64587
12972,0.18857,0.1652,0.64623
12984,0.18828,0.16513,0.64659
12996,0.18799,0.16505,0.64696
13008,0.1877,0.16498,0.64732
13020,0.18741,0.16491,0.64768
13032,0.18712,0.16483,0.64804
13044,0.18684,0.16476,0.64841
13056,0.18655,0.16469,0.64877
13068,0.18626,0.16461,0.64913
13080,0.18597,0.16454,0.64949
13092,0.18569,0.16446,0.64985
13104,0.1854,0.16439,0.65021
13116,0.18511,0.16432,0.65057
13128,0.18483,0.16424,0.65093
13140,0.18454,0.16417,0.65129
13152,0.18426,0.16409,0.65165
13164,0.18397,0.16402,0.65201
13176,0.18369,0.16395,0.65236
13188,0.18341,0.16387,0.65272
13200,0.18313,0.1638,0.65308
13212,0.18284,0.16372,0.65344
13224,0.18256,0.16365,0.65379
13236,0.18228,0.16357,0.65415
13248,0.182,0.1635,0.65451
13260,0.18172,0.16342,0.65486
13272,0.18144,0.16334,0.65522
13284,0.18116,0.16327,0.65557
13296,0.18088,0.16319,0.65593
13308,0.1806,0.16312,0.65628
13320,0.18032,0.16304,0.65664
13332,0.18004,0.16297,0.65699
13344,0.17977,0.16289,0.65734
13356,0.17949,0.16281,0.6577
13368,0.17921,0.16274,0.65805
13380,0.17894,0.16266,0.6584
13392,0.17866,0.16259,0.65875
13404,0.17839,0.16251,0.6591
13416,0.17811,0.16243,0.65946
13428,0.17784,0.16236,0.65981
13440,0.17756,0.16228,0.66016
13452,0.17729,0.1622,0.66051
13464,0.17702,0.16213,0.66086
13476,0.17674,0.16205,0.66121
13488,0.17647,0.16197,0.66156
13500,0.1762,0.16189,0.66191
13512,0.17593,0.16182,0.66226
13524,0.17566,0.16174,0.6626
13536,0.17539,0.16166,0.66295
13548,0.17511,0.16158,0.6633
13560,0.17484,0.16151,0.66365
13572,0.17458,0.16143,0.664
13584,0.17431,0.16135,0.66434
13596,0.17404,0.16127,0.66469
13608,0.17377,0.1612,0.66503
13620,0.1735,0.16112,0.66538
13632,0.17323,0.16104,0.66573
13644,0.17297,0.16096,0.66607
13656,0.1727,0.16088,0.66642
13668,0.17243,0.1608,0.66676
13680,0.17217,0.16073,0.66711
13692,0.1719,0.16065,0.66745
13704,0.17164,0.16057,0.66779
13716,0.17137,0.16049,0.66814
13728,0.17111,0.16041,0.66848
13740,0.17085,0.16033,0.66882
13752,0.17058,0.16025,0.66916
13764,0.17032,0.16017,0.66951
13776,0.17006,0.16009,0.66985
13788,0.1698,0.16002,0.67019
13800,0.16953,0.15994,0.67053
13812,0.16927,0.15986,0.67087
13824,0.16901,0.15978,0.67121
13836,0.16875,0.1597,0.67155
13848,0.16849,0.15962,0.67189
13860,0.16823,0.15954,0.67223
13872,0.16797,0.15946,0.67257
13884,0.16771,0.15938,0.67291
13896,0.16746,0.1593,0.67325
13908,0.1672,0.15922,0.67358
13920,0.16694,0.15914,0.67392
13932,0.16668,0.15906,0.67426
13944,0.16643,0.15898,0.6746
13956,0.16617,0.1589,0.67493
13968,0.16591,0.15882,0.67527
13980,0.16566,0.15874,0.67561
13992,0.1654,0.15866,0.67594
14004,0.16515,0.15858,0.67628
14016,0.16489,0.15849,0.67661
14028,0.16464,0.15841,0.67695
14040,0.16439,0.15833,0.67728
14052,0.16413,0.15825,0.67762
14064,0.16388,0.15817,0.67795
14076,0.16363,0.15809,0.67828
14088,0.16337,0.15801,0.67862
14100,0.16312,0.15793,0.67895
14112,0.16287,0.15785,0.67928
14124,0.16262,0.15776,0.67961
14136,0.16237,0.15768,0.67995
14148,0.16212,0.1576,0.68028
14160,0.16187,0.15752,0.68061
14172,0.16162,0.15744,0.68094
14184,0.16137,0.15736,0.68127
14196,0.16112,0.15727,0.6816
14208,0.16087,0.15719,0.68193
14220,0.16063,0.15711,0.68226
14232,0.16038,0.15703,0.68259
14244,0.16013,0.15695,0.68292
14256,0.15989,0.15686,0.68325
14268,0.15964,0.15678,0.68358
14280,0.15939,0.1567,0.68391
14292,0.15915,0.15662,0.68423
14304,0.1589,0.15654,0.68456
14316,0.15866,0.15645,0.68489
14328,0.15841,0.15637,0.68522
14340,0.15817,0.15629,0.68554
14352,0.15792,0.15621,0.68587
14364,0.15768,0.15612,0.6862
14376,0.15744,0.15604,0.68652
14388,0.1572,0.15596,0.68685
14400,0.15695,0.15587,0.68717
14412,0.15671,0.15579,0.6875
14424,0.15647,0.15571,0.68782
14436,0.15623,0.15563,0.68815
14448,0.15599,0.15554,0.68847
14460,0.15575,0.15546,0.68879
14472,0.15551,0.15538,0.68912
14484,0.15527,0.15529,0.68944
14496,0.15503,0.15521,0.68976
14508,0.15479,0.15513,0.69008
14520,0.15455,0.15504,0.69041
14532,0.15431,0.15496,0.69073
14544,0.15408,0.15488,0.69105
14556,0.15384,0.15479,0.69137
14568,0.1536,0.15471,0.69169
14580,0.15336,0.15462,0.69201
14592,0.15313,0.15454,0.69233
14604,0.15289,0.15446,0.69265
14616,0.15266,0.15437,0.69297
14628,0.15242,0.15429,0.69329
14640,0.15219,0.1542,0.69361
14652,0.15195,0.15412,0.69393
14664,0.15172,0.15404,0.69425
14676,0.15148,0.15395,0.69456
14688,0.15125,0.15387,0.69488
14700,0.15102,0.15378,0.6952
14712,0.15078,0.1537,0.69552
14724,0.15055,0.15361,0.69583
14736,0.15032,0.15353,0.69615
14748,0.15009,0.15345,0.69647
14760,0.14986,0.15336,0.69678
14772,0.14963,0.15328,0.6971
14784,0.1494,0.15319,0.69741
14796,0.14916,0.15311,0.69773
14808,0.14893,0.15302,0.69804
14820,0.14871,0.15294,0.69836
14832,0.14848,0.15285,0.69867
14844,0.14825,0.15277,0.69898
14856,0.14802,0.15268,0.6993
14868,0.14779,0.1526,0.69961
14880,0.14756,0.15251,0.69992
14892,0.14734,0.15243,0.70024
14904,0.14711,0.15234,0.70055
14916,0.14688,0.15226,0.70086
14928,0.14665,0.15217,0.70117
14940,0.14643,0.15209,0.70148
14952,0.1462,0.152,0.70179
14964,0.14598,0.15192,0.70211
14976,0.14575,0.15183,0.70242
14988,0.14553,0.15175,0.70273
15000,0.1453,0.15166,0.70304
15012,0.14508,0.15158,0.70335
15024,0.14486,0.15149,0.70365
15036,0.14463,0.1514,0.70396
15048,0.14441,0.15132,0.70427
15060,0.14419,0.15123,0.70458
15072,0.14396,0.15115,0.70489
15084,0.14374,0.15106,0.7052
15096,0.14352,0.15098,0.7055
15108,0.1433,0.15089,0.70581
15120,0.14308,0.1508,0.70612
15132,0.14286,0.15072,0.70642
15144,0.14264,0.15063,0.70673
15156,0.14242,0.15055,0.70704
15168,0.1422,0.15046,0.70734
15180,0.14198,0.15037,0.70765
15192,0.14176,0.15029,0.70795
15204,0.14154,0.1502,0.70826
15216,0.14132,0.15012,0.70856
15228,0.1411,0.15003,0.70887
15240,0.14089,0.14994,0.70917
15252,0.14067,0.14986,0.70947
15264,0.14045,0.14977,0.70978
15276,0.14024,0.14968,0.71008
15288,0.14002,0.1496,0.71038
15300,0.1398,0.14951,0.71068
15312,0.13959,0.14943,0.71099
15324,0.13937,0.14934,0.71129
15336,0.13916,0.14925,0.71159
15348,0.13894,0.14917,0.71189
15360,0.13873,0.14908,0.71219
15372,0.13851,0.14899,0.71249
15384,0.1383,0.14891,0.71279
15396,0.13809,0.14882,0.71309
15408,0.13787,0.14873,0.71339
15420,0.13766,0.14865,0.71369
15432,0.13745,0.14856,0.71399
15444,0.13724,0.14847,0.71429
15456,0.13703,0.14838,0.71459
15468,0.13681,0.1483,0.71489
15480,0.1366,0.14821,0.71519
15492,0.13639,0.14812,0.71548
15504,0.13618,0.14804,0.71578
15516,0.13597,0.14795,0.71608
15528,0.13576,0.14786,0.71638
15540,0.13555,0.14778,0.71667
15552,0.13534,0.14769,0.71697
15564,0.13513,0.1476,0.71726
15576,0.13493,0.14751,0.71756
15588,0.13472,0.14743,0.71786
15600,0.13451,0.14734,0.71815
15612,0.1343,0.14725,0.71845
15624,0.1341,0.14716,0.71874
15636,0.13389,0.14708,0.71903
15648,0.13368,0.14699,0.71933
15660,0.13348,0.1469,0.71962
15672,0.13327,0.14681,0.71992
15684,0.13306,0.14673,0.72021
15696,0.13286,0.14664,0.7205
15708,0.13265,0.14655,0.72079
15720,0.13245,0.14646,0.72109
15732,0.13224,0.14638,0.72138
15744,0.13204,0.14629,0.72167
15756,0.13184,0.1462,0.72196
15768,0.13163,0.14611,0.72225
15780,0.13143,0.14603,0.72254
15792,0.13123,0.14594,0.72283
15804,0.13102,0.14585,0.72312
15816,0.13082,0.14576,0.72341
15828,0.13062,0.14567,0.7237
15840,0.13042,0.14559,0.72399
15852,0.13022,0.1455,0.72428
15864,0.13002,0.14541,0.72457
15876,0.12982,0.14532,0.72486
15888,0.12962,0.14523,0.72515
15900,0.12942,0.14515,0.72544
15912,0.12922,0.14506,0.72573
15924,0.12902,0.14497,0.72601
15936,0.12882,0.14488,0.7263
15948,0.12862,0.14479,0.72659
15960,0.12842,0.14471,0.72687
15972,0.12822,0.14462,0.72716
15984,0.12802,0.14453,0.72745
15996,0.12783,0.14444,0.72773
16008,0.12763,0.14435,0.72802
16020,0.12743,0.14427,0.7283
16032,0.12724,0.14418,0.72859
16044,0.12704,0.14409,0.72887
16056,0.12684,0.144,0.72916
16068,0.12665,0.14391,0.72944
16080,0.12645,0.14382,0.72972
16092,0.12626,0.14373,0.73001
16104,0.12606,0.14365,0.73029
16116,0.12587,0.14356,0.73057
16128,0.12567,0.14347,0.73086
16140,0.12548,0.14338,0.73114
16152,0.12529,0.14329,0.73142
16164,0.12509,0.1432,0.7317
16176,0.1249,0.14312,0.73199
16188,0.12471,0.14303,0.73227
16200,0.12451,0.14294,0.73255
16212,0.12432,0.14285,0.73283
16224,0.12413,0.14276,0.73311
16236,0.12394,0.14267,0.73339
16248,0.12375,0.14258,0.73367
16260,0.12356,0.14249,0.73395
16272,0.12336,0.14241,0.73423
16284,0.12317,0.14232,0.73451
16296,0.12298,0.14223,0.73479
16308,0.12279,0.14214,0.73507
16320,0.1226,0.14205,0.73534
16332,0.12242,0.14196,0.73562
16344,0.12223,0.14187,0.7359
16356,0.12204,0.14178,0.73618
16368,0.12185,0.14169,0.73646
16380,0.12166,0.14161,0.73673
16392,0.12147,0.14152,0.73701
16404,0.12129,0.14143,0.73729
16416,0.1211,0.14134,0.73756
